10,2335,0.05,500.0,72159.147983,500.0,68238.155133,17452.147007,0.0,0.0,-11.928582,0.0,0.0,-135.0,0.0,0.0,0.0,0.0,0.0,0.0,0,0,0,0,0,0,0,0,0,0,0,0,0,0,0,370.717834,410.452972,457.800201,560.687439,462.298828,414.485229,370.696228,410.478027,457.827454,560.719666,462.341644,414.52417,370.755676,410.509399,457.863159,560.764587,462.318268,414.502686,370.75824,410.495239,457.846741,560.743408,462.282806,414.471313,59.580853,105500.331753,-0.0,192.147007,0,false,false,0.0,-327.793369,0,0.0,1.0,0.0
10,2336,0.1,500.0,-34859.147983,500.0,-30938.155133,17454.766134,0.0,0.0,-63.5977,0.0,0.0,-135.0,0.0,0.0,0.0,0.0,0.0,0.0,0,0,0,0,0,0,0,0,0,0,0,0,0,0,0,370.717834,410.452972,457.800201,560.687439,462.298828,414.485229,370.696228,410.478027,457.827454,560.719666,462.341644,414.52417,370.755676,410.509399,457.863159,560.764587,462.318268,414.502686,370.75824,410.495239,457.846741,560.743408,462.282806,414.471313,56.961727,105500.331753,-0.0,194.766134,0,false,false,0.0,-327.783369,0,0.0,1.0,0.0
10,2337,0.15,500.0,72159.147983,500.0,68238.155133,17459.054502,0.0,0.0,-105.825374,0.0,0.0,-135.0,0.0,0.0,0.0,0.0,0.0,0.0,0,0,0,0,0,0,0,0,0,0,0,0,0,0,0,370.717834,410.452972,457.800201,560.687439,462.298828,414.485229,370.696228,410.478027,457.827454,560.719666,462.341644,414.52417,370.755676,410.509399,457.863159,560.764587,462.318268,414.502686,370.75824,410.495239,457.846741,560.743408,462.282806,414.471313,52.673359,105500.331753,-0.0,199.054502,0,false,false,0.0,-327.773369,0,0.0,1.0,0.0
10,2338,0.2,500.0,-34859.147983,500.0,-30938.155133,17465.466618,0.0,0.0,-147.031708,0.0,0.0,-135.0,0.0,0.0,0.0,0.0,0.0,0.0,0,0,0,0,0,0,0,0,0,0,0,0,0,0,0,370.717834,410.452972,457.800201,560.687439,462.298828,414.485229,370.696228,410.478027,457.827454,560.719666,462.341644,414.52417,370.755676,410.509399,457.863159,560.764587,462.318268,414.502686,370.75824,410.495239,457.846741,560.743408,462.282806,414.471313,46.261242,105500.331753,-0.0,205.466618,0,false,false,0.0,-327.763369,0,0.0,1.0,0.0
10,2339,0.25,499.999789,72159.148194,500.000036,68238.155097,17473.943278,9.022604,8.317562,29.215033,0.000239,0.000192,-135.0,0.0,0.0,0.0,0.0,0.0,0.0,0,0,0,0,0,0,0,0,0,0,0,0,0,0,0,370.718109,410.453094,457.800354,560.687622,462.298615,414.485046,370.696136,410.477844,457.82724,560.719421,462.341492,414.524048,370.755402,410.509247,457.863007,560.764404,462.318451,414.502869,370.758301,410.495422,457.846924,560.743652,462.282928,414.471436,37.784584,105500.332592,-0.001108,213.590371,0,false,false,0.0,-327.753369,0,0.0,1.0,0.0
10,2340,0.3,499.568603,-34858.716797,499.602619,-30937.757716,17473.943203,4.973769,4.611446,3.536778,0.000919,0.007622,-135.0,0.0,0.0,0.0,0.0,0.0,0.0,0,0,0,0,0,0,0,0,0,0,0,0,0,0,0,371.324036,411.059662,458.476868,561.516113,462.271088,414.460358,371.163849,410.453094,457.799652,560.685608,461.664978,413.91748,370.149445,409.902679,457.186432,559.93573,462.346069,414.527618,370.290527,410.520142,457.874481,560.777344,462.959534,415.078033,37.784657,105500.945315,-0.013421,199.908123,0,false,false,0.0,-327.743369,0,0.0,1.0,0.0
10,2341,0.35,499.537834,72159.178964,499.57742,68238.180296,17473.938728,-0.617444,-0.658656,0.194199,0.006881,0.062554,-135.000168,0.0,0.0,0.0,0.0,0.0,0.0,0,0,0,0,0,0,0,0,0,0,0,0,0,0,0,371.366272,411.100586,458.522095,561.570862,462.267548,414.456818,371.192474,410.448975,457.794647,560.678772,461.6203,413.877045,370.105896,409.861633,457.140259,559.87854,462.351624,414.532227,370.26062,410.524139,457.878571,560.781677,463.006226,415.119568,37.789131,105501.128059,0.265506,98.755448,0,false,false,0.0,-327.733369,0,0.0,1.0,0.0
10,2342,0.4,499.552212,-34858.731175,499.593867,-30937.774163,17473.94233,0.07655,0.044319,0.010306,0.009026,0.02551,-135.000198,0.0,0.0,0.0,0.0,0.0,0.0,0,0,0,0,0,0,0,0,0,0,0,0,0,0,0,371.345337,411.077728,458.496552,561.539429,462.265778,414.45517,371.172363,410.447174,457.792572,560.676147,461.645386,413.899475,370.126099,409.883942,457.16507,559.908813,462.353241,414.5336,370.279999,410.525391,457.879883,560.783142,462.980988,415.096863,37.78553,105501.020363,0.310982,166.969965,0,false,false,0.0,-327.723369,0,0.0,1.0,0.0
10,2343,0.45,499.545844,72159.185331,499.589676,68238.184488,17473.941761,0.044509,0.009592,0.006644,0.011348,0.032575,-135.000229,0.0,0.0,0.0,0.0,0.0,0.0,0,0,0,0,0,0,0,0,0,0,0,0,0,0,0,371.353973,411.085449,458.505066,561.549805,462.26416,414.453644,371.176971,410.445557,457.79071,560.673767,461.636902,413.891815,370.117249,409.87619,457.156342,559.89801,462.355164,414.535278,370.275177,410.526978,457.881561,560.785156,462.989777,415.104645,37.786098,105501.047617,0.35077,153.959663,0,false,false,0.0,-327.713369,0,0.0,1.0,0.0
10,2344,0.5,499.546882,-34858.732213,499.592524,-30937.777012,17473.941896,-0.007053,-0.022815,0.006009,0.013054,0.025727,-135.000458,0.0,0.0,0.0,0.0,0.0,0.0,0,0,0,0,0,0,0,0,0,0,0,0,0,0,0,371.350983,411.082123,458.500793,561.543579,462.263763,414.452759,371.172089,410.443756,457.788086,560.669556,461.641144,413.895111,370.117615,409.87854,457.158417,559.899536,462.357727,414.537048,370.277435,410.527802,457.881927,560.784607,462.987671,415.102234,37.785965,105501.025712,0.778989,166.569022,0,false,false,0.0,-327.703369,0,0.0,1.0,0.0
10,2345,0.55,499.544572,72159.187641,499.591469,68238.185543,17473.941777,0.035506,0.01638,0.00487,0.01413,0.027658,-135.000687,0.0,0.0,0.0,0.0,0.0,0.0,0,0,0,0,0,0,0,0,0,0,0,0,0,0,0,371.352936,411.084167,458.502533,561.5448,462.263763,414.452271,371.171997,410.442413,457.786072,560.666199,461.639435,413.893066,370.113312,409.875671,457.154663,559.894043,462.359772,414.538391,370.275146,410.52832,457.881958,560.783691,462.991455,415.105133,37.786083,105501.033641,1.177887,163.013918,0,false,false,0.0,-327.693369,0,0.0,1.0,0.0
10,2346,0.6,499.542199,-34858.72984,499.590608,-30937.776152,17473.941633,-0.057201,-0.075682,0.021395,0.015478,0.028226,-135.000793,0.0,0.0,0.0,0.0,0.0,0.0,0,0,0,0,0,0,0,0,0,0,0,0,0,0,0,371.35553,411.086334,458.504669,561.546936,462.263031,414.451385,371.172272,410.441101,457.784332,560.663635,461.637299,413.8909,370.109528,409.873108,457.15152,559.889771,462.361511,414.539703,370.273712,410.529205,457.88269,560.78418,462.994598,415.107727,37.786228,105501.037534,1.373964,161.968454,0,false,false,0.0,-327.683369,0,0.0,1.0,0.0
10,2347,0.65,499.541554,72159.188286,499.590902,68238.185249,17473.941575,-0.005255,-0.009783,0.002605,0.01604,0.026633,-135.001282,0.0,0.0,0.0,0.0,0.0,0.0,0,0,0,0,0,0,0,0,0,0,0,0,0,0,0,371.353638,411.085632,458.502655,561.542419,462.264557,414.45163,371.169098,410.439453,457.781281,560.657837,461.639313,413.891602,370.106049,409.871887,457.148956,559.884583,462.364594,414.541351,370.271484,410.528931,457.881134,560.780273,462.997192,415.108948,37.786285,105501.033223,2.28459,164.901404,0,false,false,0.0,-327.673369,0,0.0,1.0,0.0
10,2348,0.7,499.538556,-34858.726842,499.588586,-30937.773836,17473.941535,0.091714,0.070216,0.011403,0.016372,0.030694,-135.001602,0.0,0.0,0.0,0.0,0.0,0.0,0,0,0,0,0,0,0,0,0,0,0,0,0,0,0,371.356079,411.088928,458.505554,561.544678,462.265503,414.451782,371.170074,410.438385,457.779266,560.654053,461.636475,413.888336,370.100159,409.867401,457.143158,559.87616,462.366638,414.54248,370.26709,410.528839,457.880249,560.777832,463.003021,415.113464,37.786327,105501.048389,2.869998,157.424189,0,false,false,0.0,-327.663369,0,0.0,1.0,0.0
10,2349,0.75,499.527701,72159.199141,499.579912,68238.193924,17473.940313,0.130761,0.088958,0.020741,0.018716,0.047315,-135.001587,0.0,0.0,0.0,0.0,0.0,0.0,0,0,0,0,0,0,0,0,0,0,0,0,0,0,0,371.371307,411.103333,458.521637,561.564392,462.263763,414.450226,371.180237,410.43689,457.777618,560.6521,461.620575,413.874115,370.085205,409.85321,457.12735,559.856873,462.368469,414.544128,370.257172,410.530548,457.882172,560.780212,463.019012,415.127808,37.787548,105501.103426,2.852638,126.818144,0,false,false,0.0,-327.653369,0,0.0,1.0,0.0
10,2350,0.8,499.516594,-34858.715736,499.572105,-30937.766028,17473.938789,0.134244,0.083518,0.020532,0.022267,0.062875,-135.001602,0.0,0.0,0.0,0.0,0.0,0.0,0,0,0,0,0,0,0,0,0,0,0,0,0,0,0,371.386719,411.117249,458.53717,561.583435,462.26123,414.447937,371.189209,410.43457,457.775024,560.648865,461.605255,413.860382,370.069916,409.839447,457.112,559.838013,462.371307,414.546661,370.248352,410.533051,457.884949,560.78363,463.034607,415.141785,37.78907,105501.147347,2.864616,98.16596,0,false,false,0.0,-327.643369,0,0.0,1.0,0.0
10,2351,0.85,499.517633,72159.198103,499.576332,68238.189696,17473.939881,-0.271326,-0.313874,0.091303,0.02571,0.051835,-135.001587,0.0,0.0,0.0,0.0,0.0,0.0,0,0,0,0,0,0,0,0,0,0,0,0,0,0,0,371.384857,411.113342,458.532806,561.578125,462.258484,414.445526,371.183777,410.432159,457.772369,560.64563,461.609436,413.864136,370.071716,409.843231,457.116241,559.843262,462.373779,414.54892,370.253723,410.535339,457.887512,560.786804,463.030182,415.137817,37.787979,105501.122753,2.833309,118.494417,0,false,false,0.0,-327.633369,0,0.0,1.0,0.0
10,2352,0.9,499.511599,-34858.709702,499.573725,-30937.763421,17473.939497,0.186663,0.13415,0.030103,0.029377,0.055629,-135.001648,0.0,0.0,0.0,0.0,0.0,0.0,0,0,0,0,0,0,0,0,0,0,0,0,0,0,0,371.3927,411.119598,458.539642,561.586243,462.255981,414.443146,371.186218,410.429565,457.769348,560.641724,461.602661,413.857941,370.063293,409.836823,457.108948,559.834106,462.376862,414.551544,370.250732,410.53775,457.890076,560.789673,463.037537,415.144287,37.788364,105501.136475,2.929583,111.508522,0,false,false,0.0,-327.623369,0,0.0,1.0,0.0
10,2353,0.95,499.520327,72159.189375,499.583623,68238.179798,17473.94007,-0.143147,-0.12109,0.036826,0.030067,0.032189,-135.002045,0.0,0.0,0.0,0.0,0.0,0.0,0,0,0,0,0,0,0,0,0,0,0,0,0,0,0,371.377899,411.105042,458.5224,561.563477,462.256775,414.442932,371.172028,410.427795,457.766388,560.636414,461.619629,413.872253,370.073456,409.849579,457.122162,559.848572,462.379578,414.55307,370.260284,410.537689,457.889038,560.786743,463.024048,415.131317,37.787792,105501.068833,3.650218,154.67132,0,false,false,0.0,-327.613369,0,0.0,1.0,0.0
10,2354,1.0,499.533579,-34858.722954,499.586608,-30937.766407,17473.941461,-0.025854,0.150547,0.025471,0.017191,0.013645,-135.001862,0.0,0.0,0.0,0.0,0.0,0.0,0,0,0,0,0,0,0,0,0,0,0,0,0,0,0,371.361298,411.093475,458.509949,561.54895,462.264221,414.450043,371.170593,410.435638,457.775574,560.648438,461.631958,413.883728,370.09201,409.861755,457.13623,559.866577,462.37027,414.545135,370.263641,410.530487,457.881439,560.778198,463.009888,415.119019,37.7864,105501.001779,3.339242,188.81684,0,false,false,0.0,-327.603369,0,0.0,1.0,0.0
10,2355,1.05,499.523279,72159.199676,499.575662,68238.190744,17473.941551,0.161992,0.136723,0.023572,0.016298,0.034014,-135.001755,0.0,0.0,0.0,0.0,0.0,0.0,0,0,0,0,0,0,0,0,0,0,0,0,0,0,0,371.376587,411.109283,458.527863,561.57135,462.264313,414.450378,371.184296,410.436371,457.776642,560.650146,461.614197,413.868011,370.078003,409.846466,457.119415,559.846436,462.369293,414.544525,370.25119,410.530273,457.88147,560.778687,463.026794,415.13443,37.786308,105501.077268,3.159005,151.310216,0,false,false,0.0,-327.593369,0,0.0,1.0,0.0
10,2356,1.1,499.519412,-34858.719087,499.573806,-30937.76455,17473.941323,-0.027307,-0.0543,0.014766,0.018409,0.035159,-135.001694,0.0,0.0,0.0,0.0,0.0,0.0,0,0,0,0,0,0,0,0,0,0,0,0,0,0,0,371.382202,411.113617,458.532867,561.577759,462.26236,414.448761,371.186676,410.435028,457.77533,560.648865,461.609192,413.863708,370.073151,409.842407,457.115082,559.841431,462.370605,414.545868,370.249603,410.531891,457.883453,560.781433,463.031128,415.138458,37.786537,105501.08432,3.018859,149.202474,0,false,false,0.0,-327.583369,0,0.0,1.0,0.0
10,2357,1.15,499.517933,72159.201154,499.574146,68238.190405,17473.941128,0.072837,0.055778,0.009048,0.020148,0.033842,-135.001862,0.0,0.0,0.0,0.0,0.0,0.0,0,0,0,0,0,0,0,0,0,0,0,0,0,0,0,371.383179,411.114105,458.53302,561.577271,462.261658,414.447754,371.18515,410.43338,457.773071,560.645386,461.609039,413.86319,370.070343,409.841248,457.113373,559.838684,462.372864,414.547516,370.249298,410.532898,457.884155,560.781555,463.032837,415.139618,37.786732,105501.081658,3.322147,151.628147,0,false,false,0.0,-327.573369,0,0.0,1.0,0.0
10,2358,1.2,499.515869,-34858.717023,499.573629,-30937.764034,17473.940975,0.0,0.0,0.0,0.021583,0.034173,-135.002106,0.0,0.0,0.0,0.0,0.0,0.0,0,0,0,0,0,0,0,0,0,0,0,0,0,0,0,371.384552,411.11554,458.533966,561.577393,462.261536,414.447113,371.184204,410.431763,457.77066,560.641418,461.608093,413.861786,370.066254,409.838898,457.110107,559.833618,462.375305,414.549133,370.247528,410.533569,457.884277,560.78064,463.036133,415.141998,37.786884,105501.084342,3.779022,151.018133,0,false,false,0.0,-327.563369,0,0.0,1.0,0.0
10,2359,1.25,499.514379,72159.202644,499.573317,68238.190716,17473.940877,0.01282,-0.004069,0.002064,0.022495,0.034097,-135.002457,0.0,0.0,0.0,0.0,0.0,0.0,0,0,0,0,0,0,0,0,0,0,0,0,0,0,0,371.384583,411.11615,458.533783,561.575684,462.262238,414.44693,371.182526,410.430206,457.768066,560.63678,461.608276,413.861145,370.062347,409.836884,457.107025,559.828369,462.37793,414.55069,370.245361,410.533722,457.883575,560.778381,463.039246,415.144012,37.786983,105501.085391,4.430337,151.157703,0,false,false,0.0,-327.553369,0,0.0,1.0,0.0
10,2360,1.3,499.514281,-34858.716925,499.573805,-30937.764521,17473.940869,-0.028265,-0.030587,0.008816,0.022599,0.031791,-135.002945,0.0,0.0,0.0,0.0,0.0,0.0,0,0,0,0,0,0,0,0,0,0,0,0,0,0,0,371.38205,411.114929,458.53125,561.570618,462.264008,414.447418,371.17926,410.428864,457.76535,560.63147,461.610809,413.862366,370.059662,409.836243,457.105103,559.824036,462.380646,414.552032,370.243378,410.533234,457.881836,560.774231,463.041168,415.144653,37.786991,105501.078905,5.314469,155.404172,0,false,false,0.0,-327.543369,0,0.0,1.0,0.0
10,2361,1.35,499.503314,72159.21361,499.564836,68238.199685,17473.940158,-0.223458,-0.245333,0.071911,0.024691,0.048972,-135.00293,0.0,0.0,0.0,0.0,0.0,0.0,0,0,0,0,0,0,0,0,0,0,0,0,0,0,0,371.397522,411.129669,458.547699,561.59082,462.26236,414.446014,371.18985,410.427521,457.763916,560.629761,461.594543,413.847809,370.044556,409.821777,457.08902,559.804382,462.382263,414.553558,370.233154,410.534821,457.883667,560.77655,463.057465,415.159302,37.787704,105501.134858,5.283765,123.768179,0,false,false,0.0,-327.533369,0,0.0,1.0,0.0
10,2362,1.4,499.508291,-34858.721901,499.570958,-30937.770643,17473.940566,0.0,0.0,0.0,0.025403,0.034189,-135.003281,0.0,0.0,0.0,0.0,0.0,0.0,0,0,0,0,0,0,0,0,0,0,0,0,0,0,0,371.388306,411.120758,458.536896,561.576111,462.263031,414.445801,371.18042,410.425903,457.76123,560.625,461.605194,413.856567,370.049713,409.829132,457.096313,559.81189,462.384796,414.554993,370.238525,410.534882,457.882843,560.774048,463.049988,415.151794,37.787296,105501.091531,5.934827,150.988931,0,false,false,0.0,-327.523369,0,0.0,1.0,0.0
10,2363,1.45,499.507878,72159.214024,499.570233,68238.20041,17473.940671,0.067844,0.067031,0.008205,0.024432,0.033594,-135.003723,0.0,0.0,0.0,0.0,0.0,0.0,0,0,0,0,0,0,0,0,0,0,0,0,0,0,0,371.386566,411.120758,458.535828,561.572998,462.265289,414.446869,371.178955,410.425293,457.75946,560.621033,461.606293,413.856567,370.046722,409.827454,457.093414,559.806519,462.386566,414.555603,370.23526,410.533813,457.880585,560.76947,463.052948,415.153473,37.787189,105501.090712,6.733863,152.085849,0,false,false,0.0,-327.513369,0,0.0,1.0,0.0
10,2364,1.5,499.507167,-34858.72119,499.569726,-30937.770136,17473.940706,-0.029109,-0.03048,0.008814,0.024107,0.033017,-135.004211,0.0,0.0,0.0,0.0,0.0,0.0,0,0,0,0,0,0,0,0,0,0,0,0,0,0,0,371.384857,411.120697,458.534515,561.569336,462.267426,414.447662,371.176849,410.424194,457.757019,560.616028,461.607574,413.856628,370.04306,409.825623,457.090118,559.800415,462.389038,414.556732,370.231995,410.53302,457.878448,560.764832,463.056244,415.155304,37.787155,105501.089975,7.645673,153.147936,0,false,false,0.0,-327.503369,0,0.0,1.0,0.0
10,2365,1.55,499.505168,72159.216022,499.568502,68238.201633,17473.940652,-0.00221,-0.006461,0.00174,0.024599,0.03488,-135.004486,0.0,0.0,0.0,0.0,0.0,0.0,0,0,0,0,0,0,0,0,0,0,0,0,0,0,0,371.386108,411.122528,458.535889,561.569885,462.268097,414.447662,371.176727,410.423126,457.755127,560.612549,461.606262,413.854797,370.038849,409.822754,457.086212,559.794495,462.390961,414.557831,370.229156,410.533051,457.877838,560.762939,463.060181,415.158234,37.787209,105501.097139,8.155761,149.717727,0,false,false,0.0,-327.493369,0,0.0,1.0,0.0
10,2366,1.6,499.505429,-34858.721451,499.569057,-30937.77069,17473.940701,-0.041342,-0.035145,0.010462,0.024162,0.031623,-135.005066,0.0,0.0,0.0,0.0,0.0,0.0,0,0,0,0,0,0,0,0,0,0,0,0,0,0,0,371.382507,411.120789,458.532501,561.563293,462.270569,414.448547,371.172821,410.421753,457.752167,560.606506,461.609619,413.856506,370.036072,409.822205,457.084198,559.789612,462.393921,414.559174,370.226654,410.532135,457.875366,560.757507,463.062225,415.158752,37.787159,105501.087791,9.229721,155.715933,0,false,false,0.0,-327.483369,0,0.0,1.0,0.0
10,2367,1.65,499.503808,72159.217642,499.567594,68238.203097,17473.940746,0.0,0.0,0.0,0.02373,0.033101,-135.005508,0.0,0.0,0.0,0.0,0.0,0.0,0,0,0,0,0,0,0,0,0,0,0,0,0,0,0,371.382385,411.122223,458.53299,561.562073,462.272522,414.44931,371.17215,410.420807,457.75,560.60199,461.609161,413.855133,370.031403,409.819092,457.079651,559.782227,462.396118,414.56015,370.222565,410.531403,457.873444,560.753296,463.066803,415.161865,37.787113,105501.093879,10.047105,152.994343,0,false,false,0.0,-327.473369,0,0.0,1.0,0.0
10,2368,1.7,499.503067,-34858.72071,499.567485,-30937.770582,17473.940725,-0.074676,-0.069363,0.020694,0.023939,0.031941,-135.005875,0.0,0.0,0.0,0.0,0.0,0.0,0,0,0,0,0,0,0,0,0,0,0,0,0,0,0,371.381378,411.122131,458.531982,561.559326,462.273682,414.449524,371.170227,410.419647,457.747803,560.597839,461.610168,413.855194,370.028442,409.81778,457.077271,559.777832,462.398315,414.56131,370.22052,410.531189,457.872284,560.750366,463.069183,415.163177,37.787136,105501.091293,10.713989,155.131663,0,false,false,0.0,-327.463369,0,0.0,1.0,0.0
10,2369,1.75,499.500578,72159.220132,499.565701,68238.204881,17473.940681,0.010885,0.007378,0.001336,0.024331,0.034046,-135.00618,0.0,0.0,0.0,0.0,0.0,0.0,0,0,0,0,0,0,0,0,0,0,0,0,0,0,0,371.383148,411.124695,458.534088,561.560608,462.274536,414.449615,371.170593,410.418549,457.745819,560.594116,461.608093,413.852692,370.023346,409.814087,457.072357,559.770569,462.40033,414.562439,370.216827,410.531128,457.87146,560.748108,463.074127,415.166931,37.787178,105501.099883,11.279374,151.255999,0,false,false,0.0,-327.453369,0,0.0,1.0,0.0
10,2370,1.8,499.501139,-34858.721271,499.566289,-30937.77117,17473.940746,-0.051076,-0.043241,0.012949,0.023748,0.03096,-135.006653,0.0,0.0,0.0,0.0,0.0,0.0,0,0,0,0,0,0,0,0,0,0,0,0,0,0,0,371.379791,411.122925,458.530975,561.554871,462.276703,414.4505,371.167358,410.417603,457.743622,560.589478,461.611206,413.854401,370.021606,409.813995,457.071136,559.76709,462.402527,414.563354,370.214966,410.530212,457.869293,560.74353,463.075348,415.166992,37.787113,105501.090675,12.140567,156.938398,0,false,false,0.0,-327.443369,0,0.0,1.0,0.0
10,2371,1.85,499.497237,72159.224034,499.563348,68238.207823,17473.940675,0.058249,0.044447,0.007211,0.024371,0.036187,-135.006989,0.0,0.0,0.0,0.0,0.0,0.0,0,0,0,0,0,0,0,0,0,0,0,0,0,0,0,371.383362,411.127289,458.535004,561.558411,462.277527,414.45047,371.168884,410.41626,457.741302,560.585205,461.607239,413.850098,370.014374,409.80835,457.063995,559.756958,462.404938,414.564728,370.209778,410.530304,457.86853,560.74115,463.082581,415.172668,37.787186,105501.109319,12.771871,147.313268,0,false,false,0.0,-327.433369,0,0.0,1.0,0.0
10,2372,1.9,499.498168,-34858.722202,499.564501,-30937.772324,17473.940711,0.0,0.0,0.0,0.02407,0.032031,-135.007446,0.0,0.0,0.0,0.0,0.0,0.0,0,0,0,0,0,0,0,0,0,0,0,0,0,0,0,371.379547,411.124878,458.531158,561.551819,462.279449,414.451172,371.165009,410.415222,457.738983,560.580505,461.611023,413.852478,370.013214,409.80899,457.063599,559.754578,462.407227,414.565765,370.208679,410.529572,457.866608,560.736938,463.082977,415.172028,37.787151,105501.096777,13.607523,154.966072,0,false,false,0.0,-327.423369,0,0.0,1.0,0.0
10,2373,1.95,499.496747,72159.225455,499.563379,68238.208945,17473.940738,0.014184,0.013171,0.001602,0.023809,0.03287,-135.007904,0.0,0.0,0.0,0.0,0.0,0.0,0,0,0,0,0,0,0,0,0,0,0,0,0,0,0,371.379028,411.125885,458.531158,561.549927,462.281311,414.451843,371.163849,410.414124,457.736664,560.575806,461.611084,413.851501,370.008789,409.806274,457.059418,559.74762,462.409576,414.566864,370.204926,410.5289,457.864746,560.732788,463.087189,415.174774,37.787125,105501.100722,14.446266,153.421343,0,false,false,0.0,-327.413369,0,0.0,1.0,0.0
10,2374,2.0,499.495519,-34858.720975,499.562717,-30937.771662,17473.94071,-0.053352,-0.053628,0.015757,0.024072,0.033335,-135.008163,0.0,0.0,0.0,0.0,0.0,0.0,0,0,0,0,0,0,0,0,0,0,0,0,0,0,0,371.379333,411.12677,458.531525,561.549316,462.282074,414.451935,371.163177,410.413239,457.735016,560.572693,461.610748,413.850616,370.005737,409.804413,457.056702,559.743225,462.411224,414.56778,370.20282,410.528839,457.864014,560.730835,463.089905,415.176636,37.787151,105501.103232,14.917707,152.566336,0,false,false,0.0,-327.403369,0,0.0,1.0,0.0
10,2375,2.05,499.49216,72159.228814,499.560146,68238.211516,17473.940666,0.053942,0.037385,0.006861,0.024439,0.037653,-135.008545,0.0,0.0,0.0,0.0,0.0,0.0,0,0,0,0,0,0,0,0,0,0,0,0,0,0,0,371.381897,411.130402,458.534607,561.551514,462.283234,414.452118,371.164062,410.411926,457.732635,560.568176,461.607697,413.847046,369.998993,409.799347,457.05011,559.733521,462.413696,414.569122,370.197784,410.528687,457.862915,560.727905,463.096588,415.181763,37.787193,105501.118521,15.627134,144.615266,0,false,false,0.0,-327.393369,0,0.0,1.0,0.0
10,2376,2.1,499.493212,-34858.722026,499.561415,-30937.772932,17473.940706,0.0,0.0,0.0,0.024103,0.033309,-135.009003,0.0,0.0,0.0,0.0,0.0,0.0,0,0,0,0,0,0,0,0,0,0,0,0,0,0,0,371.377899,411.127808,458.530579,561.544678,462.285156,414.45282,371.160034,410.410889,457.730316,560.563477,461.611694,413.849609,369.998016,409.80014,457.049896,559.731384,462.415985,414.57016,370.196808,410.527954,457.860962,560.723633,463.096771,415.180908,37.787155,105501.105485,16.464,152.613932,0,false,false,0.0,-327.383369,0,0.0,1.0,0.0
10,2377,2.15,499.491053,72159.230974,499.559921,68238.213011,17473.940675,0.013103,0.005383,0.001784,0.024298,0.03524,-135.009308,0.0,0.0,0.0,0.0,0.0,0.0,0,0,0,0,0,0,0,0,0,0,0,0,0,0,0,371.379211,411.129883,458.532166,561.545349,462.286041,414.452942,371.160065,410.409821,457.728363,560.559875,461.610138,413.847534,369.993408,409.796906,457.045502,559.724731,462.417969,414.571228,370.193481,410.527863,457.860107,560.721313,463.101196,415.184204,37.787186,105501.113062,17.027599,149.059083,0,false,false,0.0,-327.373369,0,0.0,1.0,0.0
10,2378,2.2,499.491144,-34858.722117,499.560137,-30937.773147,17473.940708,-0.00027,-0.001535,0.000518,0.024082,0.033526,-135.00975,0.0,0.0,0.0,0.0,0.0,0.0,0,0,0,0,0,0,0,0,0,0,0,0,0,0,0,371.376648,411.128815,458.529846,561.540649,462.287994,414.453705,371.157379,410.408875,457.726227,560.555359,461.612457,413.848602,369.991119,409.796265,457.043701,559.720703,462.420105,414.572174,370.191345,410.5271,457.858154,560.717041,463.103027,415.184845,37.787151,105501.108204,17.844556,152.214843,0,false,false,0.0,-327.363369,0,0.0,1.0,0.0
10,2379,2.25,499.48799,72159.234127,499.557593,68238.215555,17473.940703,0.135849,0.114905,0.016425,0.024103,0.037196,-135.010284,0.0,0.0,0.0,0.0,0.0,0.0,0,0,0,0,0,0,0,0,0,0,0,0,0,0,0,371.378174,411.131989,458.532074,561.541199,462.289978,414.454315,371.157471,410.40741,457.723297,560.549622,461.610291,413.845459,369.983887,409.791107,457.036621,559.7099,462.423096,414.573669,370.185516,410.52655,457.856232,560.712524,463.110168,415.190033,37.787159,105501.121595,18.821886,145.458061,0,false,false,0.0,-327.353369,0,0.0,1.0,0.0
10,2380,2.3,499.489407,-34858.723534,499.559424,-30937.774979,17473.940714,-0.173937,-0.163338,0.048808,0.024047,0.03163,-135.010635,0.0,0.0,0.0,0.0,0.0,0.0,0,0,0,0,0,0,0,0,0,0,0,0,0,0,0,371.374237,411.128906,458.527802,561.534546,462.291229,414.454651,371.153351,410.406433,457.721344,560.545776,461.614532,413.848511,369.984039,409.792786,457.037659,559.709717,462.425018,414.574615,370.185852,410.526154,457.85495,560.709534,463.1091,415.188324,37.787148,105501.104556,19.454846,155.706692,0,false,false,0.0,-327.343369,0,0.0,1.0,0.0
10,2381,2.35,499.491237,72159.232297,499.560493,68238.214485,17473.940891,0.0,0.0,0.0,0.022422,0.026911,-135.011063,0.0,0.0,0.0,0.0,0.0,0.0,0,0,0,0,0,0,0,0,0,0,0,0,0,0,0,371.369324,411.125916,458.523376,561.527283,462.293884,414.456055,371.14975,410.406128,457.71991,560.542175,461.618927,413.851471,369.984131,409.794037,457.037994,559.708252,462.426453,414.57489,370.184631,410.52475,457.852264,560.704407,463.108765,415.187042,37.786968,105501.089171,20.267973,164.395739,0,false,false,0.0,-327.333369,0,0.0,1.0,0.0
10,2382,2.4,499.491666,-34858.723962,499.559963,-30937.774448,17473.941103,0.0,0.0,0.0,0.020436,0.025086,-135.011581,0.0,0.0,0.0,0.0,0.0,0.0,0,0,0,0,0,0,0,0,0,0,0,0,0,0,0,371.365997,411.125,458.521057,561.522339,462.297089,414.457733,371.147675,410.405823,457.718292,560.538086,461.621246,413.852386,369.981842,409.792969,457.035522,559.703125,462.42807,414.575195,370.181091,410.523041,457.849121,560.698425,463.111267,415.18811,37.786758,105501.083765,21.223472,167.756625,0,false,false,0.0,-327.323369,0,0.0,1.0,0.0
10,2383,2.45,499.4853,72159.238662,499.554714,68238.219735,17473.941003,-0.013781,-0.028106,0.007562,0.021293,0.035533,-135.011856,0.0,0.0,0.0,0.0,0.0,0.0,0,0,0,0,0,0,0,0,0,0,0,0,0,0,0,371.373413,411.132996,458.529297,561.53125,462.297516,414.457489,371.152313,410.40451,457.716156,560.534302,461.613068,413.844452,369.971497,409.783997,457.024811,559.688843,462.430298,414.576599,370.173523,410.523376,457.848785,560.696838,463.12207,415.197174,37.786858,105501.120707,21.738074,148.520113,0,false,false,0.0,-327.313369,0,0.0,1.0,0.0
10,2384,2.5,499.486062,-34858.724724,499.556089,-30937.775824,17473.940985,-0.05525,-0.055602,0.016334,0.02151,0.031283,-135.012192,0.0,0.0,0.0,0.0,0.0,0.0,0,0,0,0,0,0,0,0,0,0,0,0,0,0,0,371.370453,411.130798,458.526001,561.525879,462.298523,414.457672,371.148804,410.403412,457.714111,560.530457,461.616364,413.846649,369.970825,409.784882,457.024994,559.687744,462.432343,414.577667,370.173401,410.523163,457.847748,560.694214,463.121857,415.196259,37.786877,105501.107761,22.345654,156.346301,0,false,false,0.0,-327.303369,0,0.0,1.0,0.0
10,2385,2.55,499.484271,72159.240453,499.555012,68238.220811,17473.940949,0.021554,0.015794,0.002652,0.021837,0.032411,-135.012558,0.0,0.0,0.0,0.0,0.0,0.0,0,0,0,0,0,0,0,0,0,0,0,0,0,0,0,371.37088,411.132172,458.526642,561.525085,462.299683,414.457886,371.14798,410.402191,457.711823,560.526123,461.615753,413.845276,369.96637,409.782104,457.020966,559.681274,462.434662,414.578918,370.170197,410.52298,457.846619,560.691284,463.125946,415.199066,37.786911,105501.112697,23.028311,154.270865,0,false,false,0.0,-327.293369,0,0.0,1.0,0.0
10,2386,2.6,499.482885,-34858.723338,499.554456,-30937.775268,17473.940894,-0.014489,-0.017684,0.00494,0.022354,0.0324,-135.012878,0.0,0.0,0.0,0.0,0.0,0.0,0,0,0,0,0,0,0,0,0,0,0,0,0,0,0,371.371033,411.132996,458.526764,561.523926,462.300476,414.457886,371.14682,410.40097,457.709686,560.522156,461.615631,413.844452,369.962799,409.78006,457.017914,559.676208,462.436798,414.580139,370.167908,410.52298,457.845825,560.689026,463.128998,415.201111,37.786968,105501.113912,23.609132,154.290945,0,false,false,0.0,-327.283369,0,0.0,0.0,0.0
10,2387,2.65,499.481776,72159.241563,499.553746,68238.221521,17473.940902,0.0,0.0,0.0,0.022281,0.032506,-135.013321,0.0,0.0,0.0,0.0,0.0,0.0,0,0,0,0,0,0,0,0,0,0,0,0,0,0,0,371.370178,411.133484,458.526245,561.521545,462.302185,414.458435,371.145264,410.399841,457.707367,560.517517,461.61615,413.843964,369.958923,409.777893,457.014435,559.670166,462.439148,414.581268,370.164764,410.52243,457.844147,560.685181,463.132507,415.203278,37.786961,105501.115304,24.407135,154.095029,0,false,false,0.0,-327.273369,0,0.0,0.0,0.0
10,2388,2.7,499.479145,-34858.720708,499.551545,-30937.773066,17473.940887,0.144352,0.121979,0.017467,0.022389,0.036227,-135.013565,0.0,0.0,0.0,0.0,0.0,0.0,0,0,0,0,0,0,0,0,0,0,0,0,0,0,0,371.372467,411.136536,458.529022,561.523865,462.30304,414.458649,371.146454,410.399048,457.705841,560.514648,461.613434,413.840942,369.953857,409.773895,457.009308,559.662842,462.440735,414.582092,370.160828,410.522278,457.843353,560.683105,463.137695,415.207336,37.786976,105501.128394,24.882692,147.243623,0,false,false,0.0,-327.263369,0,0.0,0.0,0.0
10,2389,2.75,499.47886,72159.241848,499.552,68238.221066,17473.940851,-0.012327,-0.017762,0.00486,0.022749,0.033323,-135.01387,0.0,0.0,0.0,0.0,0.0,0.0,0,0,0,0,0,0,0,0,0,0,0,0,0,0,0,371.371124,411.135834,458.527466,561.520691,462.303833,414.458679,371.144165,410.397919,457.703827,560.510864,461.61496,413.841644,369.951904,409.773407,457.008057,559.660034,462.442719,414.583221,370.15979,410.522217,457.842529,560.680847,463.138947,415.207794,37.78701,105501.120541,25.438408,152.592267,0,false,false,0.0,-327.253369,0,0.0,0.0,0.0
10,2390,2.8,499.478079,-34858.719927,499.551847,-30937.772913,17473.940828,-0.038157,-0.038778,0.011346,0.022973,0.032415,-135.014252,0.0,0.0,0.0,0.0,0.0,0.0,0,0,0,0,0,0,0,0,0,0,0,0,0,0,0,371.370087,411.135773,458.526459,561.517883,462.305084,414.458954,371.142181,410.396729,457.701538,560.506531,461.615967,413.841705,369.948792,409.772003,457.005524,559.655396,462.445007,414.584412,370.157623,410.521942,457.841278,560.677795,463.141479,415.209229,37.787033,105501.118599,26.138944,154.264084,0,false,false,0.0,-327.243369,0,0.0,0.0,0.0
10,2391,2.85,499.477534,72159.242393,499.551525,68238.221389,17473.940863,0.0,0.0,0.0,0.022654,0.031493,-135.014709,0.0,0.0,0.0,0.0,0.0,0.0,0,0,0,0,0,0,0,0,0,0,0,0,0,0,0,371.368378,411.135559,458.525085,561.514343,462.307007,414.459656,371.140106,410.395691,457.69928,560.501892,461.61734,413.841919,369.945618,409.770508,457.002747,559.650085,462.447296,414.585449,370.154816,410.52124,457.839386,560.673584,463.144287,415.210724,37.786999,105501.116507,26.96578,155.962098,0,false,false,0.0,-327.233369,0,0.0,0.0,0.0
10,2392,2.9,499.475138,-34858.717531,499.549929,-30937.771318,17473.940811,-0.042106,-0.04706,0.013577,0.02312,0.03375,-135.015091,0.0,0.0,0.0,0.0,0.0,0.0,0,0,0,0,0,0,0,0,0,0,0,0,0,0,0,371.369629,411.137756,458.526611,561.514648,462.308136,414.459808,371.139862,410.394409,457.696899,560.497437,461.615875,413.839752,369.940277,409.766876,456.997742,559.642456,462.449707,414.586792,370.15097,410.521118,457.838287,560.670715,463.149323,415.214386,37.787048,105501.125211,27.66407,151.805889,0,false,false,0.0,-327.223369,0,0.0,0.0,0.0
10,2393,2.95,499.474492,72159.243039,499.549623,68238.221695,17473.940829,0.040051,0.034623,0.004757,0.022967,0.032881,-135.015533,0.0,0.0,0.0,0.0,0.0,0.0,0,0,0,0,0,0,0,0,0,0,0,0,0,0,0,371.368042,411.137573,458.525299,561.511169,462.309937,414.460419,371.137726,410.39328,457.69455,560.492676,461.617188,413.839905,369.936951,409.765289,456.994904,559.637085,462.452087,414.587891,370.148224,410.520508,457.836487,560.666626,463.152222,415.215973,37.787033,105501.123347,28.4941,153.407338,0,false,false,0.0,-327.213369,0,0.0,0.0,0.0
10,2394,3.0,499.473543,-34858.716582,499.549068,-30937.770762,17473.940838,-0.02163,-0.023905,0.006846,0.02288,0.032641,-135.015976,0.0,0.0,0.0,0.0,0.0,0.0,0,0,0,0,0,0,0,0,0,0,0,0,0,0,0,371.366974,411.137817,458.524506,561.508362,462.311676,414.460999,371.135956,410.392151,457.6922,560.487976,461.618011,413.839661,369.933258,409.763367,456.991638,559.631287,462.454468,414.58905,370.145203,410.519928,457.834778,560.66272,463.155487,415.217926,37.787022,105501.123544,29.304324,153.850227,0,false,false,0.0,-327.203369,0,0.0,0.0,0.0
10,2395,3.05,499.471082,72159.2455,499.547466,68238.223296,17473.940778,-0.004853,-0.014034,0.003742,0.023415,0.034954,-135.016342,0.0,0.0,0.0,0.0,0.0,0.0,0,0,0,0,0,0,0,0,0,0,0,0,0,0,0,371.368408,411.140137,458.526184,561.508911,462.312653,414.46109,371.135803,410.390839,457.68985,560.483643,461.616364,413.837402,369.927948,409.759705,456.986694,559.623718,462.456848,414.590363,370.141479,410.519897,457.833832,560.660095,463.160492,415.221588,37.787083,105501.132356,29.964559,149.591063,0,false,false,0.0,-327.193369,0,0.0,0.0,0.0
10,2396,3.1,499.471639,-34858.717139,499.548335,-30937.771631,17473.940802,0.0,0.0,0.0,0.02322,0.031556,-135.0168,0.0,0.0,0.0,0.0,0.0,0.0,0,0,0,0,0,0,0,0,0,0,0,0,0,0,0,371.365082,411.138184,458.522888,561.502991,462.314514,414.461731,371.132263,410.389709,457.687469,560.478821,461.619659,413.839325,369.9263,409.759857,456.985718,559.620667,462.459229,414.591492,370.140045,410.519226,457.83197,560.655884,463.161438,415.221436,37.78706,105501.122048,30.804281,155.84862,0,false,false,0.0,-327.183369,0,0.0,0.0,0.0
10,2397,3.15,499.469963,72159.247176,499.54696,68238.224671,17473.940825,0.02579,0.02116,0.003091,0.022992,0.032965,-135.017227,0.0,0.0,0.0,0.0,0.0,0.0,0,0,0,0,0,0,0,0,0,0,0,0,0,0,0,371.365082,411.139587,458.523376,561.501831,462.316284,414.462341,371.1315,410.388672,457.685242,560.474304,461.619171,413.837921,369.921631,409.756805,456.981262,559.613403,462.461487,414.592529,370.136108,410.518616,457.830231,560.651978,463.165955,415.224518,37.787037,105501.127772,31.600058,153.253142,0,false,false,0.0,-327.173369,0,0.0,0.0,0.0
10,2398,3.2,499.466176,-34858.713352,499.54467,-30937.769341,17473.940674,-0.129699,-0.133825,0.039398,0.024374,0.03541,-135.017288,0.0,0.0,0.0,0.0,0.0,0.0,0,0,0,0,0,0,0,0,0,0,0,0,0,0,0,371.369934,411.143951,458.528076,561.507324,462.315369,414.461365,371.133728,410.387482,457.683746,560.472229,461.614502,413.833618,369.916107,409.752258,456.976013,559.60675,462.463013,414.593781,370.13324,410.519623,457.831177,560.652893,463.171234,415.229095,37.787186,105501.138476,31.713187,148.753033,0,false,false,0.0,-327.163369,0,0.0,0.0,0.0
10,2399,3.25,499.46352,72159.249831,499.542976,68238.226365,17473.940605,0.054682,0.040017,0.006838,0.025019,0.037186,-135.017593,0.0,0.0,0.0,0.0,0.0,0.0,0,0,0,0,0,0,0,0,0,0,0,0,0,0,0,371.371887,411.146545,458.530182,561.508606,462.31604,414.461273,371.133942,410.386169,457.681519,560.468201,461.612427,413.831024,369.910797,409.748474,456.971039,559.599365,462.465271,414.595093,370.129669,410.519714,457.830536,560.650818,463.176239,415.23288,37.787254,105501.145938,32.284396,145.48313,0,false,false,0.0,-327.153369,0,0.0,0.0,0.0
10,2400,3.3,499.464382,-34858.714213,499.544187,-30937.770552,17473.940607,0.0,0.0,0.0,0.025037,0.033466,-135.017914,0.0,0.0,0.0,0.0,0.0,0.0,0,0,0,0,0,0,0,0,0,0,0,0,0,0,0,371.368896,411.144379,458.527008,561.503418,462.31723,414.461639,371.130737,410.385284,457.679749,560.464722,461.61557,413.83316,369.910309,409.749359,456.971252,559.598328,462.46701,414.595947,370.129395,410.519348,457.829346,560.64801,463.176025,415.231964,37.787254,105501.134624,32.866402,152.333494,0,false,false,0.0,-327.143369,0,0.0,0.0,0.0
10,2401,3.35,499.460354,72159.25386,499.540991,68238.229561,17473.940555,0.010489,-0.005143,0.001984,0.025465,0.039028,-135.01825,0.0,0.0,0.0,0.0,0.0,0.0,0,0,0,0,0,0,0,0,0,0,0,0,0,0,0,371.372681,411.149048,458.531403,561.507385,462.318146,414.4617,371.132629,410.384064,457.677551,560.460632,461.611267,413.828522,369.902924,409.743469,456.963837,559.58783,462.469269,414.597229,370.123901,410.519348,457.828491,560.64563,463.183502,415.237946,37.787308,105501.153828,33.487117,142.091943,0,false,false,0.0,-327.133369,0,0.0,0.0,0.0
10,2402,3.4,499.461085,-34858.714945,499.5424,-30937.771962,17473.940532,-0.041183,-0.041415,0.012137,0.025716,0.034563,-135.018616,0.0,0.0,0.0,0.0,0.0,0.0,0,0,0,0,0,0,0,0,0,0,0,0,0,0,0,371.369598,411.14679,458.527954,561.501709,462.319244,414.461884,371.128906,410.382874,457.675323,560.456421,461.614655,413.83078,369.902069,409.744324,456.963928,559.586426,462.471497,414.598389,370.123688,410.519135,457.827393,560.642761,463.183411,415.23703,37.787327,105501.14071,34.14366,150.313292,0,false,false,0.0,-327.123369,0,0.0,0.0,0.0
10,2403,3.45,499.460475,72159.25447,499.541723,68238.230239,17473.940614,0.092525,0.084931,0.010855,0.024964,0.034069,-135.019073,0.0,0.0,0.0,0.0,0.0,0.0,0,0,0,0,0,0,0,0,0,0,0,0,0,0,0,371.36795,411.14682,458.526855,561.498413,462.321472,414.46283,371.127197,410.382019,457.673248,560.451965,461.615784,413.83075,369.898682,409.742493,456.960724,559.580627,462.473602,414.599243,370.120361,410.518188,457.825165,560.638123,463.186646,415.238892,37.787247,105501.140039,35.002463,151.223054,0,false,false,0.0,-327.113369,0,0.0,0.0,0.0
10,2404,3.5,499.458914,-34858.713384,499.54053,-30937.770769,17473.940626,-0.098692,-0.101456,0.029818,0.024832,0.035033,-135.019516,0.0,0.0,0.0,0.0,0.0,0.0,0,0,0,0,0,0,0,0,0,0,0,0,0,0,0,371.367706,411.14801,458.527069,561.496887,462.323212,414.463409,371.12616,410.38092,457.670929,560.447266,461.61557,413.82959,369.894135,409.739624,456.956451,559.573608,462.475952,414.600372,370.116608,410.517609,457.823456,560.634216,463.190948,415.24176,37.787235,105501.144243,35.81391,149.448234,0,false,false,0.0,-327.103369,0,0.0,0.0,0.0
10,2405,3.55,499.457762,72159.255622,499.539884,68238.230886,17473.940627,0.0,0.0,0.0,0.024833,0.034989,-135.019989,0.0,0.0,0.0,0.0,0.0,0.0,0,0,0,0,0,0,0,0,0,0,0,0,0,0,0,371.36676,411.148407,458.526398,561.49408,462.324982,414.463959,371.124329,410.379639,457.668335,560.4422,461.616272,413.829163,369.890015,409.737427,456.95282,559.5672,462.478546,414.601654,370.113373,410.51709,457.821716,560.630127,463.194611,415.243988,37.787235,105501.145103,36.675563,149.53032,0,false,false,0.0,-327.093369,0,0.0,0.0,0.0
10,2406,3.6,499.45826,-34858.713883,499.540346,-30937.771232,17473.940698,-0.000118,0.003742,0.000606,0.024193,0.032124,-135.020462,0.0,0.0,0.0,0.0,0.0,0.0,0,0,0,0,0,0,0,0,0,0,0,0,0,0,0,371.363464,411.14679,458.523407,561.488464,462.327209,414.464874,371.121216,410.378754,457.666168,560.437622,461.619263,413.83078,369.888153,409.737213,456.951416,559.563538,462.480713,414.602539,370.111328,410.516144,457.819489,560.625427,463.196014,415.244202,37.787163,105501.136508,37.546438,154.805755,0,false,false,0.0,-327.083369,0,0.0,0.0,0.0
10,2407,3.65,499.454509,72159.259373,499.537245,68238.233987,17473.940666,0.045149,0.029456,0.005819,0.02443,0.037481,-135.020813,0.0,0.0,0.0,0.0,0.0,0.0,0,0,0,0,0,0,0,0,0,0,0,0,0,0,0,371.366821,411.151154,458.527405,561.491943,462.328339,414.465118,371.122955,410.377625,457.664062,560.433594,461.615326,413.826447,369.881042,409.731537,456.944244,559.553284,462.48291,414.603729,370.105865,410.515991,457.81842,560.622742,463.203278,415.249908,37.787193,105501.155135,38.192596,144.941463,0,false,false,0.0,-327.073369,0,0.0,0.0,0.0
10,2408,3.7,499.455184,-34858.714557,499.538308,-30937.772295,17473.940678,-0.027066,-0.028558,0.008264,0.02436,0.033683,-135.021255,0.0,0.0,0.0,0.0,0.0,0.0,0,0,0,0,0,0,0,0,0,0,0,0,0,0,0,371.363342,411.149017,458.523895,561.485718,462.330109,414.465698,371.119171,410.376465,457.661652,560.428772,461.618805,413.828583,369.879578,409.731934,456.943573,559.550598,462.485321,414.604858,370.104706,410.515381,457.81665,560.618652,463.203949,415.249512,37.787182,105501.143763,39.020516,151.935258,0,false,false,0.0,-327.063369,0,0.0,0.0,0.0
10,2409,3.75,499.453085,72159.261472,499.536844,68238.235451,17473.940653,0.026547,0.017653,0.003369,0.024578,0.035507,-135.021683,0.0,0.0,0.0,0.0,0.0,0.0,0,0,0,0,0,0,0,0,0,0,0,0,0,0,0,371.363922,411.150787,458.524841,561.485107,462.331604,414.466064,371.1185,410.375183,457.65918,560.42395,461.61792,413.826813,369.87439,409.728516,456.93869,559.542908,462.487854,414.606171,370.100739,410.515045,457.815186,560.615112,463.208862,415.25296,37.787209,105501.150769,39.810915,148.577748,0,false,false,0.0,-327.053369,0,0.0,0.0,0.0
10,2410,3.8,499.45,-34858.711473,499.534642,-30937.770093,17473.940578,0.086084,0.065055,0.010728,0.025248,0.039547,-135.021942,0.0,0.0,0.0,0.0,0.0,0.0,0,0,0,0,0,0,0,0,0,0,0,0,0,0,0,371.366821,411.154205,458.527985,561.487915,462.332062,414.465942,371.119659,410.374084,457.657288,560.420593,461.614807,413.823456,369.868774,409.724182,456.933228,559.535156,462.489777,414.60733,370.096863,410.515198,457.814758,560.613525,463.214386,415.257355,37.787285,105501.164544,40.278919,141.137987,0,false,false,0.0,-327.043369,0,0.0,0.0,0.0
10,2411,3.85,499.448518,72159.262955,499.534013,68238.23608,17473.940527,0.157809,0.133424,0.019085,0.02572,0.039545,-135.022247,0.0,0.0,0.0,0.0,0.0,0.0,0,0,0,0,0,0,0,0,0,0,0,0,0,0,0,371.367126,411.155151,458.528259,561.487,462.332825,414.465912,371.118622,410.372833,457.655151,560.416687,461.614532,413.82251,369.865082,409.722046,456.930084,559.529968,462.491913,414.608551,370.094513,410.515228,457.814026,560.611328,463.21759,415.259491,37.787334,105501.165808,40.854319,141.143321,0,false,false,0.0,-327.033369,0,0.0,0.0,0.0
10,2412,3.9,499.450018,-34858.712972,499.53609,-30937.77217,17473.940523,-0.139654,-0.132408,0.039472,0.025816,0.033546,-135.02269,0.0,0.0,0.0,0.0,0.0,0.0,0,0,0,0,0,0,0,0,0,0,0,0,0,0,0,371.362579,411.151672,458.523346,561.479187,462.33432,414.466309,371.113739,410.371582,457.652679,560.411865,461.619415,413.825928,369.864899,409.723816,456.931,559.529358,462.494354,414.609772,370.094696,410.514801,457.8125,560.607666,463.216614,415.25769,37.787338,105501.147618,41.636455,152.189063,0,false,false,0.0,-327.023369,0,0.0,0.0,0.0
10,2413,3.95,499.4447,72159.268272,499.531765,68238.240405,17473.940454,0.138658,0.112336,0.01726,0.026396,0.041733,-135.023102,0.0,0.0,0.0,0.0,0.0,0.0,0,0,0,0,0,0,0,0,0,0,0,0,0,0,0,371.367767,411.15799,458.529358,561.484802,462.33548,414.4664,371.116547,410.370087,457.650024,560.406921,461.613495,413.819733,369.855316,409.716003,456.921265,559.515747,462.497131,414.611359,370.087494,410.514771,457.811432,560.604675,463.226471,415.265594,37.787407,105501.174799,42.400965,137.1157,0,false,false,0.0,-327.013369,0,0.0,0.0,0.0
10,2414,4.0,499.44806,-34858.716332,499.535337,-30937.775742,17473.9405,0.0,0.0,0.0,0.026042,0.03225,-135.023544,0.0,0.0,0.0,0.0,0.0,0.0,0,0,0,0,0,0,0,0,0,0,0,0,0,0,0,371.360535,411.152008,458.521606,561.473511,462.337341,414.467072,371.109833,410.369049,457.647736,560.402283,461.621185,413.825623,369.857635,409.720184,456.924835,559.51825,462.499329,414.612335,370.089294,410.514038,457.809509,560.600525,463.222839,415.261322,37.787361,105501.14543,43.213651,154.576184,0,false,false,0.0,-327.003369,0,0.0,0.0,0.0
10,2415,4.05,499.446893,72159.26944,499.534157,68238.241585,17473.940568,0.032283,0.034892,0.004356,0.025398,0.032891,-135.024017,0.0,0.0,0.0,0.0,0.0,0.0,0,0,0,0,0,0,0,0,0,0,0,0,0,0,0,371.359589,411.152802,458.521301,561.47113,462.3396,414.468018,371.108612,410.368134,457.645538,560.397583,461.621521,413.824829,369.853363,409.717529,456.920715,559.51123,462.501587,414.613251,370.085266,410.513123,457.807281,560.595764,463.22702,415.263977,37.787292,105501.148443,44.103169,153.397435,0,false,false,0.0,-326.993369,0,0.0,0.0,0.0
10,2416,4.1,499.444119,-34858.713558,499.531615,-30937.773201,17473.940604,0.118855,0.101373,0.014302,0.025039,0.036715,-135.024475,0.0,0.0,0.0,0.0,0.0,0.0,0,0,0,0,0,0,0,0,0,0,0,0,0,0,0,371.360992,411.155823,458.523529,561.471924,462.341583,414.46875,371.109131,410.367096,457.64325,560.392883,461.619324,413.821838,369.847015,409.712799,456.914276,559.501465,462.503937,414.614349,370.079803,410.512421,457.805389,560.591553,463.233521,415.268799,37.787258,105501.161846,44.953517,146.355251,0,false,false,0.0,-326.983369,0,0.0,0.0,0.0
10,2417,4.15,499.445792,72159.267766,499.533305,68238.239895,17473.940657,-0.02888,-0.02183,0.006474,0.024579,0.031658,-135.024841,0.0,0.0,0.0,0.0,0.0,0.0,0,0,0,0,0,0,0,0,0,0,0,0,0,0,0,371.356659,411.152649,458.519104,561.465088,462.343201,414.469421,371.105164,410.366394,457.641571,560.389343,461.623718,413.824982,369.847412,409.714539,456.915344,559.501282,462.505585,414.615021,370.079865,410.511719,457.803711,560.588013,463.232422,415.266998,37.787205,105501.145859,45.60906,155.666691,0,false,false,0.0,-326.973369,0,0.0,0.0,0.0
10,2418,4.2,499.444471,-34858.712237,499.53235,-30937.772245,17473.940676,0.0,0.0,0.0,0.024391,0.03218,-135.025314,0.0,0.0,0.0,0.0,0.0,0.0,0,0,0,0,0,0,0,0,0,0,0,0,0,0,0,371.355957,411.153442,458.518799,561.462769,462.345093,414.470062,371.103699,410.365234,457.639099,560.384399,461.624054,413.824219,369.843079,409.711975,456.911346,559.494446,462.508087,414.616211,370.076233,410.511108,457.801849,560.583862,463.236481,415.269592,37.787186,105501.148506,46.470679,154.705642,0,false,false,0.0,-326.963369,0,0.0,0.0,0.0
10,2419,4.25,499.443667,72159.26857,499.53177,68238.240475,17473.940715,-0.035456,-0.030409,0.009023,0.02403,0.031786,-135.025772,0.0,0.0,0.0,0.0,0.0,0.0,0,0,0,0,0,0,0,0,0,0,0,0,0,0,0,371.354523,411.153564,458.517792,561.459595,462.347076,414.470795,371.101837,410.364166,457.63678,560.379639,461.625092,413.824127,369.839447,409.710083,456.908051,559.488525,462.510437,414.617279,370.073059,410.510376,457.799896,560.579529,463.239777,415.271484,37.787148,105501.148036,47.329053,155.431766,0,false,false,0.0,-326.953369,0,0.0,0.0,0.0
10,2420,4.3,499.440242,-34858.708813,499.529281,-30937.769756,17473.940649,0.026858,0.016319,0.00348,0.024624,0.036007,-135.026154,0.0,0.0,0.0,0.0,0.0,0.0,0,0,0,0,0,0,0,0,0,0,0,0,0,0,0,371.357178,411.157166,458.520844,561.461731,462.348145,414.470886,371.1026,410.362762,457.634277,560.374939,461.62207,413.820557,369.832642,409.705017,456.901489,559.478882,462.513,414.618713,370.068146,410.510315,457.79892,560.576721,463.246429,415.276611,37.787212,105501.163061,48.039474,147.659409,0,false,false,0.0,-326.943369,0,0.0,1.0,0.0
10,2421,4.35,499.440265,72159.268547,499.529453,68238.240303,17473.940699,0.071757,0.063891,0.008482,0.024169,0.03394,-135.026657,0.0,0.0,0.0,0.0,0.0,0.0,0,0,0,0,0,0,0,0,0,0,0,0,0,0,0,371.354462,411.156067,458.518402,561.456726,462.350281,414.47171,371.099701,410.361694,457.631866,560.369995,461.624512,413.821625,369.830017,409.704224,456.899384,559.474243,462.515411,414.619781,370.065704,410.509491,457.796753,560.572021,463.248566,415.277405,37.787163,105501.157111,48.944243,151.465792,0,false,false,0.0,-326.933369,0,0.0,1.0,0.0
10,2422,4.4,499.440625,-34858.709173,499.529887,-30937.77019,17473.940755,-0.044393,-0.038138,0.011393,0.02365,0.031249,-135.027115,0.0,0.0,0.0,0.0,0.0,0.0,0,0,0,0,0,0,0,0,0,0,0,0,0,0,0,371.35144,411.154602,458.515625,561.451416,462.352356,414.472534,371.09668,410.360748,457.629669,560.365417,461.627289,413.82309,369.828033,409.703918,456.897888,559.470581,462.517609,414.620697,370.063721,410.508636,457.794678,560.567627,463.250031,415.27771,37.787106,105501.148923,49.788025,156.421859,0,false,false,0.0,-326.923369,0,0.0,1.0,0.0
10,2423,4.45,499.43697,72159.272203,499.527134,68238.243056,17473.940695,0.0,0.0,0.0,0.024186,0.036105,-135.027527,0.0,0.0,0.0,0.0,0.0,0.0,0,0,0,0,0,0,0,0,0,0,0,0,0,0,0,371.354279,411.158508,458.518982,561.453796,462.353577,414.472717,371.097626,410.359314,457.627075,560.360535,461.623993,413.819214,369.82077,409.698456,456.890808,559.460144,462.520294,414.622192,370.05835,410.508545,457.793549,560.564514,463.257202,415.283203,37.787167,105501.16597,50.54798,147.481277,0,false,false,0.0,-326.913369,0,0.0,1.0,0.0
10,2424,4.5,499.437208,-34858.709411,499.527734,-30937.77079,17473.940712,-0.032532,-0.033253,0.009691,0.024047,0.033257,-135.028,0.0,0.0,0.0,0.0,0.0,0.0,0,0,0,0,0,0,0,0,0,0,0,0,0,0,0,371.351288,411.156952,458.516083,561.448303,462.355499,414.473358,371.094269,410.358124,457.624542,560.355469,461.626892,413.82074,369.818542,409.698151,456.889252,559.456299,462.522797,414.623383,370.056488,410.507874,457.791626,560.560181,463.258759,415.283508,37.787148,105501.157491,51.42854,152.725274,0,false,false,0.0,-326.903369,0,0.0,1.0,0.0
10,2425,4.55,499.436284,72159.273127,499.527109,68238.243682,17473.940736,0.014514,0.012939,0.001663,0.023826,0.033026,-135.028458,0.0,0.0,0.0,0.0,0.0,0.0,0,0,0,0,0,0,0,0,0,0,0,0,0,0,0,371.350067,411.157227,458.515228,561.445312,462.357391,414.47403,371.092468,410.357025,457.622192,560.350708,461.627777,413.820496,369.814789,409.696136,456.885895,559.450256,462.525177,414.624481,370.053314,410.507202,457.789734,560.555969,463.262177,415.285553,37.787125,105501.157554,52.275521,153.149923,0,false,false,0.0,-326.893369,0,0.0,1.0,0.0
10,2426,4.6,499.435373,-34858.7085,499.526825,-30937.770507,17473.940712,-0.079607,-0.075195,0.022393,0.024052,0.03234,-135.028854,0.0,0.0,0.0,0.0,0.0,0.0,0,0,0,0,0,0,0,0,0,0,0,0,0,0,0,371.349152,411.157318,458.514374,561.442627,462.358704,414.474335,371.090607,410.355804,457.619873,560.346191,461.628632,413.820404,369.811432,409.694489,456.883087,559.445251,462.527527,414.625702,370.050903,410.506927,457.788452,560.552734,463.264984,415.287201,37.787148,105501.156197,52.999416,154.413172,0,false,false,0.0,-326.883369,0,0.0,1.0,0.0
10,2427,4.65,499.434765,72159.273735,499.526335,68238.244172,17473.940765,0.032794,0.034244,0.004226,0.023576,0.031706,-135.029327,0.0,0.0,0.0,0.0,0.0,0.0,0,0,0,0,0,0,0,0,0,0,0,0,0,0,0,371.347412,411.157227,458.513092,561.439148,462.360809,414.475159,371.088623,410.354828,457.617584,560.341492,461.629913,413.820496,369.808014,409.69278,456.880035,559.439514,462.529816,414.626709,370.047791,410.506104,457.786377,560.548279,463.268066,415.28891,37.787098,105501.154818,53.866724,155.581586,0,false,false,0.0,-326.873369,0,0.0,1.0,0.0
10,2428,4.7,499.434209,-34858.707944,499.525958,-30937.77013,17473.940804,0.0,0.0,0.0,0.023206,0.030846,-135.0298,0.0,0.0,0.0,0.0,0.0,0.0,0,0,0,0,0,0,0,0,0,0,0,0,0,0,0,371.345642,411.157013,458.511688,561.435486,462.362854,414.475952,371.086487,410.35379,457.615265,560.33667,461.631348,413.82074,369.804718,409.691193,456.877106,559.434021,462.532166,414.627747,370.0448,410.50531,457.784332,560.543823,463.271027,415.290497,37.787056,105501.152685,54.733909,157.164193,0,false,false,0.0,-326.863369,0,0.0,1.0,0.0
10,2429,4.75,499.431709,72159.276235,499.524181,68238.245949,17473.940746,-0.003873,-0.006643,0.001785,0.023725,0.033787,-135.030014,0.0,0.0,0.0,0.0,0.0,0.0,0,0,0,0,0,0,0,0,0,0,0,0,0,0,0,371.34787,411.159698,458.51413,561.437561,462.363342,414.475861,371.08728,410.352844,457.613647,560.333801,461.628906,413.818054,369.800049,409.687653,456.872589,559.427551,462.533813,414.628723,370.041565,410.505432,457.783905,560.542358,463.275604,415.294098,37.787113,105501.16342,55.150523,151.749367,0,false,false,0.0,-326.853369,0,0.0,1.0,0.0
10,2430,4.8,499.430988,-34858.707223,499.523861,-30937.76981,17473.940774,-0.014618,-0.014938,0.004171,0.023475,0.03255,-135.030624,0.0,0.0,0.0,0.0,0.0,0.0,0,0,0,0,0,0,0,0,0,0,0,0,0,0,0,371.345551,411.159302,458.512207,561.432678,462.365814,414.476746,371.084351,410.351379,457.610565,560.327515,461.630859,413.818451,369.795807,409.68573,456.868958,559.420654,462.536957,414.630188,370.037964,410.504578,457.781464,560.536865,463.279266,415.296021,37.787086,105501.16027,56.257588,154.027758,0,false,false,0.0,-326.843369,0,0.0,1.0,0.0
10,2431,4.85,499.430581,72159.276641,499.523709,68238.246101,17473.940802,0.020253,0.023166,0.002919,0.023218,0.031282,-135.031067,0.0,0.0,0.0,0.0,0.0,0.0,0,0,0,0,0,0,0,0,0,0,0,0,0,0,0,371.343658,411.158875,458.51059,561.428833,462.367676,414.477417,371.082062,410.350342,457.608276,560.322876,461.632477,413.818909,369.792847,409.684479,456.866425,559.41571,462.539246,414.631226,370.0354,410.503876,457.779572,560.532715,463.281799,415.297302,37.78706,105501.156787,57.082802,156.3625,0,false,false,0.0,-326.833369,0,0.0,1.0,0.0
10,2432,4.9,499.428976,-34858.705617,499.522733,-30937.768834,17473.940783,-0.024265,-0.022828,0.006615,0.023393,0.032097,-135.031509,0.0,0.0,0.0,0.0,0.0,0.0,0,0,0,0,0,0,0,0,0,0,0,0,0,0,0,371.343475,411.159912,458.510681,561.427124,462.369232,414.477814,371.08078,410.34903,457.605743,560.317932,461.632416,413.817871,369.788269,409.681732,456.862305,559.408813,462.541809,414.632568,370.031921,410.50351,457.778076,560.529114,463.28598,415.300049,37.787079,105501.160384,57.8902,154.86354,0,false,false,0.0,-326.823369,0,0.0,0.0,0.0
10,2433,4.95,499.42834,72159.277277,499.522155,68238.246679,17473.940838,0.0,0.0,0.0,0.022889,0.031605,-135.031952,0.0,0.0,0.0,0.0,0.0,0.0,0,0,0,0,0,0,0,0,0,0,0,0,0,0,0,371.341949,411.159943,458.509613,561.424011,462.371246,414.478638,371.079041,410.348145,457.603638,560.313538,461.633514,413.817841,369.784973,409.679993,456.859283,559.403259,462.543945,414.633453,370.028839,410.502716,457.776062,560.52478,463.289032,415.301788,37.787022,105501.159454,58.71165,155.769312,0,false,false,0.0,-326.813369,0,0.0,0.0,0.0
10,2434,5.0,499.427521,-34858.704798,499.52159,-30937.768269,17473.940868,-0.057605,-0.054357,0.016157,0.022603,0.031276,-135.032394,0.0,0.0,0.0,0.0,0.0,0.0,0,0,0,0,0,0,0,0,0,0,0,0,0,0,0,371.340668,411.160095,458.508698,561.421021,462.373108,414.479309,371.077271,410.347107,457.60141,560.30896,461.63443,413.817688,369.781433,409.678131,456.85611,559.397583,462.546204,414.634491,370.025787,410.502045,457.774231,560.520691,463.292236,415.30365,37.786991,105501.159081,59.527108,156.374729,0,false,false,0.0,-326.803369,0,0.0,0.0,0.0
10,2435,5.05,499.424638,72159.28016,499.519641,68238.248628,17473.940797,0.014692,0.006736,0.001969,0.023241,0.034356,-135.03273,0.0,0.0,0.0,0.0,0.0,0.0,0,0,0,0,0,0,0,0,0,0,0,0,0,0,0,371.342804,411.162994,458.511078,561.422546,462.373932,414.479279,371.077637,410.345795,457.599091,560.304688,461.63208,413.814819,369.775635,409.67395,456.850616,559.389465,462.548584,414.635864,370.021759,410.502075,457.773438,560.518372,463.297791,415.307861,37.787064,105501.170396,60.152934,150.703966,1,true,false,0.0,-326.793369,0,1.0,0.0,0.0
10,2436,5.1,499.42533,-34858.705491,499.52049,-30937.769118,17473.940844,0.004899,0.009347,0.001286,0.02284,0.030836,-135.033188,0.0,0.0,0.0,0.0,0.0,0.0,0,0,0,0,0,0,0,0,0,0,0,0,0,0,0,371.339325,411.16098,458.507721,561.416504,462.375916,414.480042,371.074127,410.344788,457.596832,560.30011,461.635437,413.816803,369.77417,409.674194,456.849762,559.386536,462.550812,414.636841,370.020294,410.501312,457.771454,560.514038,463.298645,415.307617,37.787018,105501.159367,60.990799,157.185388,0,true,false,0.0,-326.783369,0,1.0,0.0,0.0
10,2437,5.15,499.423947,72159.281544,499.519521,68238.249597,17473.940849,0.011087,0.012338,0.001493,0.022787,0.031504,-135.03363,0.0,0.0,0.0,0.0,0.0,0.0,0,0,0,0,0,0,0,0,0,0,0,0,0,0,0,371.338898,411.161865,458.507629,561.414673,462.377625,414.480591,371.072876,410.343658,457.594513,560.295471,461.635559,413.815948,369.769928,409.671661,456.845856,559.379944,462.553192,414.638,370.016876,410.500793,457.769806,560.510193,463.302582,415.310181,37.787014,105501.162391,61.788395,155.955224,0,true,false,0.0,-326.773369,0,1.0,0.0,0.0
10,2438,5.2,499.422726,-34858.704269,499.518828,-30937.768425,17473.940822,0.0,0.0,0.0,0.02303,0.032055,-135.03389,0.0,0.0,0.0,0.0,0.0,0.0,0,0,0,0,0,0,0,0,0,0,0,0,0,0,0,371.339142,411.162781,458.507996,561.414001,462.378418,414.480713,371.072205,410.342773,457.592865,560.292358,461.635223,413.815033,369.766846,409.669769,456.843079,559.375488,462.55484,414.638885,370.014679,410.500671,457.769043,560.508179,463.305389,415.312103,37.787041,105501.164956,62.271131,154.940929,0,true,false,0.0,-326.763369,0,1.0,0.0,0.0
10,2439,5.25,499.420858,72159.283411,499.517394,68238.251031,17473.940841,0.048307,0.04052,0.005798,0.02284,0.033288,-135.034454,0.0,0.0,0.0,0.0,0.0,0.0,0,0,0,0,0,0,0,0,0,0,0,0,0,0,0,371.338654,411.164124,458.508087,561.411743,462.380707,414.481506,371.070801,410.34137,457.589905,560.286377,461.635162,413.813721,369.761169,409.66626,456.837799,559.366638,462.557831,414.64032,370.009979,410.499908,457.766785,560.503052,463.31073,415.315643,37.787022,105501.169978,63.316889,152.670677,0,true,false,0.0,-326.753369,0,1.0,0.0,0.0
10,2440,5.3,499.420379,-34858.70379,499.517329,-30937.76836,17473.940847,0.016985,0.01601,0.001919,0.022797,0.031977,-135.034897,0.0,0.0,0.0,0.0,0.0,0.0,0,0,0,0,0,0,0,0,0,0,0,0,0,0,0,371.336853,411.163666,458.50647,561.407959,462.382416,414.482056,371.06842,410.34021,457.587524,560.281616,461.63678,413.814178,369.758148,409.665009,456.835297,559.361816,462.560242,414.641479,370.007538,410.499359,457.765076,560.499146,463.313232,415.316895,37.787014,105501.166348,64.130622,155.086352,0,true,false,0.0,-326.743369,0,1.0,0.0,0.0
10,2441,5.35,499.41792,72159.28587,499.515782,68238.252578,17473.940766,-0.118766,-0.120359,0.035486,0.023541,0.03382,-135.035034,0.0,0.0,0.0,0.0,0.0,0.0,0,0,0,0,0,0,0,0,0,0,0,0,0,0,0,371.339539,411.166351,458.509155,561.410706,462.382294,414.481659,371.069458,410.339294,457.586182,560.27948,461.634125,413.811523,369.754059,409.661835,456.831451,559.356506,462.561615,414.642426,370.005096,410.499786,457.765228,560.498779,463.317139,415.320068,37.787094,105501.173969,64.371228,151.692185,0,true,false,0.0,-326.733369,0,0.0,0.0,0.0
10,2442,5.4,499.417986,-34858.703856,499.516347,-30937.768925,17473.940764,0.0,0.0,0.0,0.02358,0.031096,-135.035461,1.0,0.0,0.0,0.0,0.0,0.0,0,0,0,0,0,0,0,0,0,0,0,0,0,0,0,371.337036,411.165039,458.506653,561.405823,462.383881,414.482117,371.066376,410.338104,457.583801,560.27478,461.636627,413.812805,369.751892,409.661469,456.829987,559.352966,462.563995,414.643585,370.00351,410.499329,457.763641,560.495117,463.318604,415.320435,37.787098,105501.165708,65.157182,156.708848,0,true,false,0.0,-326.723369,0,0.0,0.0,0.0
10,2443,5.45,499.416705,72159.287151,499.515453,68238.253472,17473.940776,-0.012188,-0.008744,0.00265,0.02346,0.03153,-135.035889,1.0,0.0,0.0,0.0,0.0,0.0,0,0,0,0,0,0,0,0,0,0,0,0,0,0,0,371.336487,411.165833,458.506439,561.403809,462.385559,414.482666,371.065063,410.337006,457.581512,560.270203,461.636841,413.812042,369.747803,409.659058,456.826233,559.346619,462.566315,414.644714,370.000153,410.498779,457.761993,560.491272,463.322388,415.322876,37.787086,105501.167937,65.947231,155.91112,0,true,false,0.0,-326.713369,0,0.0,0.0,0.0
10,2444,5.5,499.412529,-34858.69968,499.512244,-30937.765716,17473.940702,0.047896,0.031646,0.006151,0.024107,0.037384,-135.036255,1.0,0.0,0.0,0.0,0.0,0.0,0,0,0,0,0,0,0,0,0,0,0,0,0,0,0,371.340332,411.170563,458.510834,561.407715,462.386505,414.482666,371.066833,410.335632,457.579071,560.265747,461.632538,413.807373,369.740082,409.652985,456.818573,559.335754,462.568817,414.646149,369.994537,410.49881,457.761139,560.48877,463.330139,415.32901,37.787159,105501.188118,66.616277,145.131183,0,true,false,0.0,-326.703369,0,0.0,0.0,0.0
10,2445,5.55,499.413044,72159.286636,499.513311,68238.252405,17473.940693,-0.05907,-0.05997,0.017614,0.024222,0.033704,-135.036697,1.0,0.0,0.0,0.0,0.0,0.0,0,0,0,0,0,0,0,0,0,0,0,0,0,0,0,371.337067,411.168518,458.507446,561.401672,462.388123,414.483124,371.063049,410.334351,457.576538,560.260742,461.635895,413.809387,369.738434,409.653259,456.81778,559.332886,462.571381,414.64743,369.993408,410.498352,457.759491,560.484863,463.330963,415.328705,37.787167,105501.176932,67.442602,151.909082,0,true,false,0.0,-326.693369,0,0.0,0.0,0.0
10,2446,5.6,499.413091,-34858.699728,499.5133,-30937.765705,17473.940771,-0.022599,-0.019944,0.005768,0.023518,0.031867,-135.037155,1.0,0.0,0.0,0.0,0.0,0.0,0,0,0,0,0,0,0,0,0,0,0,0,0,0,0,371.334564,411.167633,458.50531,561.397278,462.390259,414.484039,371.060608,410.333527,457.574524,560.256409,461.638,413.810272,369.736053,409.652435,456.815735,559.328552,462.573395,414.648224,369.990967,410.497437,457.757385,560.480408,463.333008,415.329559,37.78709,105501.171452,68.269219,155.290994,0,true,false,0.0,-326.683369,0,0.0,0.0,0.0
10,2447,5.65,499.410458,72159.28927,499.511349,68238.254355,17473.94074,0.0,0.0,0.0,0.023772,0.034792,-135.037552,1.0,0.0,0.0,0.0,0.0,0.0,0,0,0,0,0,0,0,0,0,0,0,0,0,0,0,371.33606,411.170227,458.507233,561.397949,462.391571,414.484314,371.060699,410.332275,457.572144,560.251831,461.636139,413.807709,369.730255,409.648315,456.81015,559.320068,462.575836,414.649536,369.986572,410.497192,457.756104,560.477234,463.338623,415.33371,37.787121,105501.182004,69.004048,149.906188,0,true,false,0.0,-326.673369,0,0.0,0.0,0.0
10,2448,5.7,499.408973,-34858.698244,499.510276,-30937.764631,17473.940749,0.059137,0.045194,0.007314,0.023697,0.035646,-135.037964,1.0,0.0,0.0,0.0,0.0,0.0,0,0,0,0,0,0,0,0,0,0,0,0,0,0,0,371.335846,411.171295,458.507385,561.396362,462.393219,414.484833,371.059631,410.331177,457.569855,560.247314,461.636017,413.806641,369.725922,409.64566,456.806152,559.313416,462.578156,414.650635,369.983063,410.496674,457.754517,560.473511,463.342682,415.336395,37.787113,105501.185524,69.780474,148.333608,0,true,false,0.0,-326.663369,0,0.0,0.0,0.0
10,2449,5.75,499.409079,72159.289165,499.510798,68238.253833,17473.940756,0.009424,0.007568,0.001094,0.023642,0.033054,-135.038452,1.0,0.0,0.0,0.0,0.0,0.0,0,0,0,0,0,0,0,0,0,0,0,0,0,0,0,371.333008,411.169891,458.504639,561.390991,462.395111,414.485474,371.056335,410.329926,457.567291,560.242188,461.638763,413.808044,369.723511,409.645172,456.804413,559.309326,462.580719,414.651886,369.98111,410.496063,457.752625,560.469238,463.344421,415.336853,37.787106,105501.177673,70.666932,153.105835,0,true,false,0.0,-326.653369,0,0.0,0.0,0.0
10,2450,5.8,499.407445,-34858.69661,499.509858,-30937.763691,17473.940723,-0.0529,-0.055106,0.016097,0.023938,0.033763,-135.038849,1.0,0.0,0.0,0.0,0.0,0.0,0,0,0,0,0,0,0,0,0,0,0,0,0,0,0,371.333038,411.171021,458.504883,561.389648,462.396423,414.485748,371.055206,410.328644,457.56488,560.237549,461.63855,413.806915,369.719116,409.642517,456.800476,559.302856,462.58316,414.653168,369.977905,410.495789,457.751312,560.466003,463.348419,415.339539,37.78714,105501.18088,71.407288,151.801104,0,true,false,0.0,-326.643369,0,0.0,0.0,0.0
10,2451,5.85,499.406028,72159.290582,499.508872,68238.254818,17473.940732,0.04143,0.033174,0.005031,0.023859,0.034396,-135.039307,1.0,0.0,0.0,0.0,0.0,0.0,0,0,0,0,0,0,0,0,0,0,0,0,0,0,0,371.33252,411.171906,458.504761,561.387573,462.398193,414.486328,371.053864,410.327454,457.562408,560.232666,461.638702,413.806061,369.714691,409.639893,456.796417,559.296021,462.585663,414.654388,369.974304,410.495239,457.749573,560.461975,463.352509,415.342194,37.787128,105501.183677,72.247254,150.63571,0,true,false,0.0,-326.633369,0,0.0,0.0,0.0
10,2452,5.9,499.40441,-34858.694993,499.50787,-30937.762688,17473.94071,0.0,0.0,0.0,0.024056,0.035202,-135.039688,1.0,0.0,0.0,0.0,0.0,0.0,0,0,0,0,0,0,0,0,0,0,0,0,0,0,0,371.332703,411.173096,458.505157,561.386536,462.399445,414.486603,371.052948,410.326294,457.560211,560.228394,461.638306,413.804871,369.710449,409.637268,456.792572,559.289734,462.587921,414.655579,369.971161,410.494965,457.748352,560.458923,463.356415,415.344849,37.787151,105501.187162,72.938679,149.152118,0,true,false,0.0,-326.623369,0,0.0,0.0,0.0
10,2453,5.95,499.401509,72159.293483,499.505822,68238.256866,17473.940642,0.054109,0.035368,0.006973,0.024658,0.038807,-135.039856,1.0,0.0,0.0,0.0,0.0,0.0,0,0,0,0,0,0,0,0,0,0,0,0,0,0,0,371.335815,411.176422,458.508453,561.389893,462.399567,414.486328,371.054382,410.325378,457.558746,560.225952,461.635071,413.801605,369.705536,409.633331,456.787781,559.283203,462.589417,414.656525,369.967957,410.4953,457.748291,560.45813,463.361267,415.348816,37.78722,105501.19962,73.248776,142.515755,0,true,false,0.0,-326.613369,0,0.0,0.0,0.0
10,2454,6.0,499.40363,-34858.697114,499.508161,-30937.765027,17473.940684,-0.019961,-0.015701,0.004545,0.024323,0.032091,-135.040298,1.0,0.0,0.0,0.0,0.0,0.0,0,0,0,0,0,0,0,0,0,0,0,0,0,0,0,371.330322,411.172241,458.502686,561.38092,462.401459,414.487,371.049103,410.32431,457.556458,560.221252,461.640808,413.805695,369.706085,409.635712,456.789307,559.283203,462.591675,414.657532,369.968262,410.494568,457.746368,560.453918,463.359711,415.346405,37.787178,105501.178459,74.077572,154.881425,0,true,false,0.0,-326.603369,0,0.0,0.0,0.0
10,2455,6.05,499.402825,72159.294289,499.50739,68238.257638,17473.940747,0.031458,0.032487,0.003984,0.023726,0.031959,-135.040771,1.0,0.0,0.0,0.0,0.0,0.0,0,0,0,0,0,0,0,0,0,0,0,0,0,0,0,371.328918,411.172516,458.501831,561.377991,462.403595,414.487885,371.047485,410.323395,457.554291,560.216736,461.641663,413.80545,369.702454,409.633667,456.785889,559.2771,462.593872,414.658478,369.964844,410.493683,457.744263,560.449402,463.363159,415.34845,37.787113,105501.178615,74.931645,155.123489,0,true,false,0.0,-326.593369,0,0.0,0.0,0.0
10,2456,6.1,499.40047,-34858.694759,499.505491,-30937.763129,17473.940746,0.0,0.0,0.0,0.02373,0.034651,-135.041168,1.0,0.0,0.0,0.0,0.0,0.0,0,0,0,0,0,0,0,0,0,0,0,0,0,0,0,371.330017,411.174866,458.503448,561.378296,462.405121,414.488342,371.047516,410.322296,457.552094,560.212341,461.640076,413.803131,369.697021,409.629791,456.780579,559.268921,462.59613,414.659607,369.96048,410.493256,457.742798,560.445984,463.36853,415.352356,37.787117,105501.188262,75.674272,150.168664,0,true,false,0.0,-326.583369,0,0.0,0.0,0.0
10,2457,6.15,499.401156,72159.293603,499.506422,68238.256707,17473.940782,-0.012906,-0.007825,0.002668,0.023426,0.031049,-135.041611,1.0,0.0,0.0,0.0,0.0,0.0,0,0,0,0,0,0,0,0,0,0,0,0,0,0,0,371.32663,411.172821,458.500092,561.372375,462.406952,414.489014,371.043976,410.321289,457.549835,560.207825,461.643433,413.805145,369.695648,409.630127,456.779877,559.266235,462.598358,414.660614,369.959229,410.492584,457.740967,560.441895,463.369232,415.35202,37.787079,105501.176892,76.479044,156.799383,0,true,false,0.0,-326.573369,0,0.0,0.0,0.0
10,2458,6.2,499.398901,-34858.692504,499.504705,-30937.761412,17473.94077,-0.028277,-0.031259,0.008997,0.023498,0.033418,-135.042053,1.0,0.0,0.0,0.0,-0.069993,0.0,0,0,0,0,0,0,0,0,0,0,0,0,0,0,0,371.327362,411.174896,458.501282,561.372009,462.4086,414.489471,371.043549,410.320038,457.547363,560.202942,461.642273,413.803101,369.690094,409.626373,456.774597,559.257935,462.600891,414.661896,369.954865,410.492157,457.739349,560.43811,463.374573,415.355804,37.78709,105501.185491,77.301947,152.43905,0,true,false,0.0,-326.563369,0,0.0,0.0,0.0
10,2459,6.25,499.396185,72159.296319,499.502845,68238.258566,17473.940711,-0.023635,-0.034733,0.009648,0.024034,0.03627,-135.042435,1.0,0.0,0.0,0.0,-0.139986,0.0,0,0,0,0,0,0,0,0,0,0,0,0,0,0,0,371.329071,411.177521,458.503296,561.372925,462.409668,414.489594,371.04364,410.318695,457.544952,560.198425,461.640289,413.800507,369.684326,409.622345,456.769135,559.249695,462.603363,414.663269,369.950714,410.492065,457.738312,560.435303,463.380096,415.359894,37.787151,105501.195673,77.996378,147.187232,0,true,false,0.0,-326.553369,0,0.0,0.0,0.0
10,2460,6.3,499.396629,-34858.692948,499.503476,-30937.762043,17473.940752,0.033181,0.029034,0.003911,0.023683,0.033239,-135.042892,1.0,0.0,0.0,0.0,0.0,0.0,0,0,0,0,0,0,0,0,0,0,0,0,0,0,0,371.325897,411.175842,458.500275,561.36731,462.411652,414.490356,371.040344,410.317657,457.542633,560.193665,461.643311,413.802185,369.682465,409.622223,456.767883,559.246277,462.605652,414.664276,369.948975,410.491302,457.736328,560.430969,463.381348,415.359985,37.787109,105501.186347,78.846596,152.768758,0,true,false,0.0,-326.543369,0,0.0,0.0,0.0
10,2461,6.35,499.39506,72159.297888,499.502234,68238.259808,17473.940772,0.0,0.0,0.0,0.023481,0.034396,-135.04335,1.0,0.0,0.0,0.0,0.0,0.0,0,0,0,0,0,0,0,0,0,0,0,0,0,0,0,371.325623,411.177063,458.500519,561.365723,462.413513,414.490997,371.039337,410.316589,457.540314,560.188965,461.643127,413.800995,369.677856,409.619324,456.763519,559.239075,462.608032,414.665405,369.945099,410.490692,457.734528,560.42688,463.385773,415.362946,37.78709,105501.190775,79.675365,150.638257,0,true,false,0.0,-326.533369,0,0.0,0.0,0.0
10,2462,6.4,499.392546,-34858.690433,499.50043,-30937.760238,17473.940742,-0.053753,-0.064929,0.018601,0.023734,0.036328,-135.043671,1.0,0.0,0.0,0.0,0.0,0.0,0,0,0,0,0,0,0,0,0,0,0,0,0,0,0,371.327393,411.179596,458.502563,561.366943,462.414429,414.491089,371.039673,410.31546,457.538269,560.185181,461.641083,413.798462,369.672668,409.61554,456.758545,559.231689,462.610107,414.666534,369.941345,410.490601,457.733673,560.4245,463.390778,415.36673,37.787117,105501.198403,80.261652,147.081335,0,true,false,0.0,-326.523369,0,0.0,0.0,0.0
10,2463,6.45,499.392628,72159.297805,499.501053,68238.259185,17473.940736,-0.028992,-0.031792,0.009165,0.023813,0.033636,-135.044098,1.0,0.0,0.0,0.0,0.0,0.0,0,0,0,0,0,0,0,0,0,0,0,0,0,0,0,371.324799,411.178223,458.499939,561.361877,462.416016,414.491547,371.036469,410.314209,457.535797,560.180298,461.643707,413.799835,369.670471,409.615204,456.75708,559.228088,462.61261,414.667786,369.939728,410.490143,457.732056,560.420715,463.392273,415.367065,37.787125,105501.190258,81.07174,152.038137,0,true,false,0.0,-326.513369,0,0.0,0.0,0.0
10,2464,6.5,499.392119,-34858.689924,499.500845,-30937.76003,17473.940763,-0.028468,-0.027958,0.008143,0.023571,0.032514,-135.044571,1.0,0.0,0.0,0.0,0.0,0.0,0,0,0,0,0,0,0,0,0,0,0,0,0,0,0,371.322906,411.177856,458.498352,561.357971,462.417969,414.492249,371.034119,410.31308,457.533356,560.175354,461.645325,413.800201,369.667206,409.61377,456.754303,559.222717,462.615051,414.668915,369.936951,410.489441,457.730133,560.416382,463.39505,415.3685,37.787098,105501.187093,81.941538,154.105901,0,true,false,0.0,-326.503369,0,0.0,0.0,0.0
10,2465,6.55,499.389419,72159.300505,499.498848,68238.261182,17473.940732,-0.014389,-0.023936,0.006518,0.023845,0.035558,-135.044937,1.0,0.0,0.0,0.0,0.0,0.0,0,0,0,0,0,0,0,0,0,0,0,0,0,0,0,371.324738,411.180603,458.500549,561.359192,462.419067,414.492432,371.034485,410.31189,457.531189,560.171204,461.643158,413.797485,369.66156,409.60968,456.748871,559.2146,462.61731,414.670135,369.93277,410.489288,457.729065,560.413635,463.400574,415.37265,37.787128,105501.197943,82.596835,148.499758,0,true,false,0.0,-326.493369,0,0.0,0.0,0.0
10,2466,6.6,499.389017,-34858.689523,499.498994,-30937.760176,17473.940722,0.0,0.0,0.0,0.023951,0.033865,-135.04538,1.0,0.0,0.0,0.0,0.0,0.0,0,0,0,0,0,0,0,0,0,0,0,0,0,0,0,371.322815,411.179932,458.498688,561.355103,462.420715,414.492889,371.03183,410.310638,457.528656,560.166321,461.64502,413.798157,369.658661,409.608643,456.746582,559.209961,462.619812,414.671417,369.930573,410.488831,457.727448,560.40979,463.402863,415.373688,37.78714,105501.193042,83.417521,151.618224,0,true,false,0.0,-326.483369,0,0.0,0.0,0.0
10,2467,6.65,499.387845,72159.301678,499.498007,68238.262169,17473.940764,0.107856,0.09432,0.01286,0.023565,0.03435,-135.045853,1.0,0.0,0.0,0.0,0.0,0.0,0,0,0,0,0,0,0,0,0,0,0,0,0,0,0,371.321869,411.180603,458.49826,561.3526,462.422791,414.493683,371.030396,410.30957,457.526306,560.161499,461.645477,413.797485,369.654449,409.60614,456.742645,559.203186,462.622192,414.672485,369.926849,410.488068,457.725403,560.405334,463.40686,415.376221,37.787098,105501.195151,84.296866,150.724787,0,true,false,0.0,-326.473369,0,0.0,0.0,0.0
10,2468,6.7,499.383375,-34858.685053,499.494493,-30937.756662,17473.940688,0.108305,0.082255,0.013715,0.024318,0.040487,-135.045975,1.0,0.0,0.0,0.0,0.0,0.0,0,0,0,0,0,0,0,0,0,0,0,0,0,0,0,371.327423,411.186249,458.504242,561.359436,462.422607,414.493256,371.033813,410.308685,457.525024,560.159363,461.639557,413.791901,369.647614,409.600098,456.735596,559.194092,462.623596,414.673431,369.92215,410.488556,457.725677,560.405151,463.413971,415.382324,37.787174,105501.216153,84.522007,139.425769,0,true,false,0.0,-326.463369,0,0.0,0.0,0.0
10,2469,6.75,499.385856,72159.299197,499.497552,68238.25911,17473.940649,-0.00109,0.001783,0.000376,0.02464,0.032831,-135.046188,1.0,0.0,0.0,0.0,0.0,0.0,0,0,0,0,0,0,0,0,0,0,0,0,0,0,0,371.322662,411.181763,458.498688,561.351746,462.423096,414.493195,371.028931,410.3078,457.523529,560.156677,461.64505,413.796356,369.649994,409.603699,456.739105,559.197449,462.625031,414.674255,369.924652,410.488525,457.725098,560.403564,463.410431,415.378632,37.787212,105501.192351,84.909734,153.523932,0,true,false,0.0,-326.453369,0,0.0,0.0,0.0
10,2470,6.8,499.384782,-34858.68398,499.496775,-30937.755885,17473.940697,0.0,0.0,0.0,0.02419,0.032435,-135.046783,1.0,0.0,0.0,0.0,0.0,0.0,0,0,0,0,0,0,0,0,0,0,0,0,0,0,0,371.320953,411.181976,458.497498,561.347839,462.425598,414.494141,371.026611,410.306458,457.520569,560.150574,461.646271,413.796143,369.645294,409.601227,456.734863,559.18988,462.628021,414.675598,369.920593,410.48764,457.722626,560.398132,463.414673,415.381134,37.787163,105501.191717,85.995922,154.252469,0,true,false,0.0,-326.443369,0,0.0,0.0,0.0
10,2471,6.85,499.378897,72159.305083,499.491887,68238.263998,17473.940634,0.207706,0.179442,0.025464,0.024827,0.041111,-135.047058,1.0,0.0,0.0,0.0,0.0,0.0,0,0,0,0,0,0,0,0,0,0,0,0,0,0,0,371.327667,411.189362,458.505035,561.355896,462.426117,414.493988,371.030823,410.305237,457.518524,560.146973,461.638824,413.788818,369.635651,409.592834,456.724854,559.176453,462.630157,414.67691,369.913452,410.487854,457.722229,560.396484,463.424835,415.389618,37.787228,105501.221059,86.512051,138.278413,0,true,false,0.0,-326.433369,0,0.0,0.0,0.0
10,2472,6.9,499.380764,-34858.685847,499.494468,-30937.758466,17473.940592,-0.071228,-0.070574,0.020833,0.025159,0.034156,-135.047409,1.0,0.0,0.0,0.0,0.0,0.0,0,0,0,0,0,0,0,0,0,0,0,0,0,0,0,371.323029,411.185394,458.499756,561.347961,462.427155,414.49411,371.025757,410.304016,457.516266,560.142761,461.644043,413.792725,369.636414,409.595398,456.726837,559.177429,462.632355,414.678101,369.914642,410.487671,457.72113,560.393677,463.422791,415.387024,37.78727,105501.199824,87.152626,151.085333,0,true,false,0.0,-326.423369,0,0.0,0.0,0.0
10,2473,6.95,499.379942,72159.305904,499.493768,68238.264697,17473.940644,0.065736,0.059748,0.007711,0.024685,0.033913,-135.047882,1.0,0.0,0.0,0.0,0.0,0.0,0,0,0,0,0,0,0,0,0,0,0,0,0,0,0,371.321625,411.185608,458.49884,561.34491,462.42923,414.494934,371.024017,410.30304,457.514008,560.138062,461.644989,413.792542,369.632751,409.593384,456.723419,559.171326,462.634644,414.679077,369.911285,410.486877,457.719086,560.389221,463.426239,415.389038,37.787216,105501.19954,88.017017,151.53311,0,true,false,0.0,-326.413369,0,0.0,0.0,0.0
10,2474,7.0,499.377782,-34858.683686,499.492091,-30937.756788,17473.940643,-0.019376,-0.028131,0.007805,0.024674,0.036064,-135.048309,1.0,0.0,0.0,0.0,0.0,0.0,0,0,0,0,0,0,0,0,0,0,0,0,0,0,0,371.322266,411.187592,458.499969,561.344543,462.430878,414.495422,371.023621,410.301849,457.511627,560.133362,461.64389,413.790558,369.627411,409.589752,456.718323,559.163269,462.637085,414.680298,369.907013,410.48642,457.717499,560.385498,463.431427,415.3927,37.787216,105501.207199,88.816679,147.571873,0,true,false,0.0,-326.403369,0,0.0,0.0,0.0
10,2475,7.05,499.377572,72159.306114,499.492221,68238.264567,17473.940664,0.0,0.0,0.0,0.024485,0.034242,-135.048752,1.0,0.0,0.0,0.0,0.0,0.0,0,0,0,0,0,0,0,0,0,0,0,0,0,0,0,371.320129,411.186798,458.498016,561.340332,462.432648,414.496033,371.021027,410.300751,457.509338,560.128723,461.645844,413.791351,369.624786,409.588867,456.716248,559.158936,462.639404,414.681396,369.904846,410.485809,457.715759,560.381531,463.433533,415.393616,37.787197,105501.201825,89.622753,150.928412,0,true,false,0.0,-326.393369,0,0.0,0.0,0.0
10,2476,7.1,499.378458,-34858.684572,499.493171,-30937.757737,17473.940727,-0.039472,-0.02908,0.008749,0.023929,0.030431,-135.04921,1.0,0.0,0.0,0.0,0.0,0.0,0,0,0,0,0,0,0,0,0,0,0,0,0,0,0,371.316406,411.18457,458.494415,561.334045,462.434692,414.496857,371.017426,410.299835,457.507172,560.124207,461.649445,413.793579,369.623566,409.589325,456.715637,559.156311,462.641541,414.682312,369.903503,410.484985,457.713684,560.377197,463.434143,415.393127,37.787136,105501.189545,90.45661,157.944601,0,true,false,0.0,-326.383369,0,0.0,0.0,0.0
10,2477,7.15,499.373133,72159.311439,499.488553,68238.269184,17473.940691,0.194755,0.16774,0.023908,0.024198,0.039103,-135.049591,1.0,0.0,0.0,0.0,0.0,0.0,0,0,0,0,0,0,0,0,0,0,0,0,0,0,0,371.321777,411.191162,458.500793,561.34021,462.435944,414.497131,371.020752,410.298615,457.504852,560.119812,461.643188,413.787079,369.614075,409.581329,456.70578,559.142639,462.643982,414.683624,369.896057,410.484772,457.712524,560.374146,463.444092,415.401215,37.78717,105501.218654,91.175104,141.976678,0,true,false,0.0,-326.373369,0,0.0,0.0,0.0
10,2478,7.2,499.375147,-34858.686585,499.490846,-30937.76003,17473.940721,-0.027857,-0.026241,0.007663,0.023964,0.032548,-135.050049,1.0,0.0,0.0,0.0,0.0,0.0,0,0,0,0,0,0,0,0,0,0,0,0,0,0,0,371.316437,411.187103,458.495148,561.331482,462.437775,414.497772,371.015533,410.297516,457.502533,560.115112,461.648743,413.791077,369.614502,409.583618,456.707214,559.142578,462.646271,414.684662,369.896362,410.4841,457.710663,560.369995,463.442657,415.398895,37.78714,105501.197961,91.996857,154.046968,0,true,false,0.0,-326.363369,0,0.0,0.0,0.0
10,2479,7.25,499.373345,72159.31324,499.489286,68238.270744,17473.940755,0.091913,0.079841,0.010973,0.023646,0.034302,-135.050491,1.0,0.0,0.0,0.0,0.0,0.0,0,0,0,0,0,0,0,0,0,0,0,0,0,0,0,371.316559,411.188721,458.49588,561.330505,462.439667,414.498444,371.014954,410.296509,457.500305,560.110535,461.648071,413.78949,369.609589,409.580322,456.702423,559.134888,462.64856,414.685699,369.892151,410.483429,457.708832,560.365906,463.447479,415.402222,37.787106,105501.204289,92.81519,150.816423,0,true,false,0.016078,-326.353369,0,0.0,0.0,0.0
10,2480,7.3,499.371469,-34858.684709,499.488028,-30937.758772,17473.940714,0.032094,0.01938,0.004171,0.024008,0.036138,-135.050812,1.0,0.0,0.0,0.0,0.0,0.0,0,0,0,0,0,0,0,0,0,0,0,0,0,0,0,371.317383,411.19043,458.496948,561.330505,462.440674,414.498657,371.014648,410.295441,457.498322,560.10675,461.647034,413.787811,369.605255,409.577393,456.698395,559.128601,462.650574,414.686798,369.888977,410.483276,457.707855,560.363403,463.451569,415.405151,37.787148,105501.210754,93.410787,147.438087,0,true,false,0.041617,-326.343369,0,0.0,0.0,0.0
10,2481,7.35,499.371047,72159.313662,499.488316,68238.270456,17473.940681,0.058364,0.051106,0.006925,0.024328,0.03421,-135.051208,1.0,0.0,0.0,0.0,0.0,0.0,0,0,0,0,0,0,0,0,0,0,0,0,0,0,0,371.315765,411.189758,458.495239,561.326782,462.441925,414.498871,371.012054,410.294159,457.495911,560.102173,461.648773,413.788483,369.6026,409.576538,456.696472,559.124634,462.652985,414.68808,369.887238,410.483032,457.706604,560.360229,463.453522,415.406036,37.787178,105501.205184,94.13504,150.988701,0,true,false,0.076225,-326.333369,0,0.0,0.0,0.0
10,2482,7.4,499.37536,-34858.689022,499.49151,-30937.761967,17473.94091,-0.094599,-0.060129,0.019687,0.022268,0.024568,-135.051605,1.0,0.0,0.0,0.0,0.0,0.0,0,0,0,0,0,0,0,0,0,0,0,0,0,0,0,371.307556,411.183441,458.487183,561.315247,462.444702,414.500458,371.006195,410.294159,457.494934,560.099304,461.656738,413.794739,369.606354,409.581238,456.700684,559.128174,462.653931,414.688019,369.888702,410.481415,457.703796,560.355164,463.449219,415.401276,37.786949,105501.172314,94.877383,168.739152,0,true,false,0.108933,-326.323369,0,0.0,0.0,0.0
10,2483,7.45,499.38231,72159.306712,499.494243,68238.267724,17473.941525,-0.077005,-0.001432,0.011409,0.016592,0.013173,-135.051926,1.0,0.0,0.0,0.0,0.0,0.0,0,0,0,0,0,0,0,0,0,0,0,0,0,0,0,371.296509,411.17572,458.477814,561.30249,462.449585,414.50412,371.001709,410.296631,457.496918,560.100403,461.666077,413.802399,369.613983,409.587708,456.707123,559.134705,462.651917,414.685516,369.88974,410.477692,457.698883,560.347839,463.442749,415.394775,37.786335,105501.129302,95.469699,189.714014,0,true,false,0.143166,-326.313369,0,0.0,0.0,0.0
10,2484,7.5,499.384339,-34858.691051,499.494274,-30937.761998,17473.906537,0.0,0.0,0.0,0.014138,0.011059,-135.052048,1.0,0.0,0.0,0.0,0.0,0.0,0,0,0,0,0,0,0,0,0,0,0,0,0,0,0,371.293121,411.173981,458.475525,561.299133,462.451813,414.505829,371.00116,410.297821,457.497925,560.101135,461.668365,413.804169,369.615906,409.588959,456.708191,559.135498,462.650879,414.684296,369.888824,410.475983,457.696625,560.344543,463.441681,415.393524,37.821323,105501.120547,95.721959,193.567322,0,true,false,0.177575,-326.303369,0,0.0,0.0,0.0
10,2485,7.55,499.384339,72159.306712,499.494274,68238.267724,17473.254173,0.0,0.0,15.426057,0.014138,0.011059,-135.052048,1.0,0.0,0.0,0.0,0.0,0.0,0,0,0,0,0,0,0,0,0,0,0,0,0,0,0,371.293121,411.173981,458.475525,561.299133,462.451813,414.505829,371.00116,410.297821,457.497925,560.101135,461.668365,413.804169,369.615906,409.588959,456.708191,559.135498,462.650879,414.684296,369.888824,410.475983,457.696625,560.344543,463.441681,415.393524,38.473686,105501.120421,95.72212,192.914959,0,true,false,0.210064,-326.293369,0,0.0,0.0,0.0
10,2486,7.6,499.384324,-34858.691036,499.494276,-30937.761999,17472.061319,0.001312,-0.000162,30.288757,0.014138,0.011059,-135.052048,1.0,0.0,0.0,0.0,0.0,0.0,0,0,0,0,0,0,0,0,0,0,0,0,0,0,0,371.293152,411.173981,458.475525,561.299133,462.451813,414.505829,371.00116,410.297821,457.497894,560.101135,461.668365,413.804138,369.615875,409.588928,456.708191,559.135498,462.650909,414.684296,369.888824,410.475983,457.696655,560.344543,463.441711,415.393524,39.666542,105501.1202,95.722402,191.722105,0,true,false,0.241587,-326.283369,0,0.0,0.0,0.0
10,2487,7.65,499.38414,72159.306895,499.494299,68238.267701,17471.270696,0.006282,-0.000774,15.581484,0.014138,0.011059,-135.052048,1.0,0.0,0.0,0.0,0.0,0.0,0,0,0,0,0,0,0,0,0,0,0,0,0,0,0,371.293396,411.174103,458.475677,561.299316,462.45163,414.505676,371.001099,410.297668,457.497742,560.100891,461.668243,413.804047,369.615662,409.588806,456.708038,559.135315,462.651062,414.684448,369.888885,410.476135,457.696808,560.344727,463.441833,415.393646,40.457165,105501.120161,95.722452,190.931481,0,true,false,0.267392,-326.273369,0,0.0,0.0,0.0
10,2488,7.7,499.383443,-34858.690338,499.494384,-30937.762085,17470.837938,0.015255,-0.001878,3.00369,0.014138,0.011059,-135.052048,1.0,0.0,0.0,0.0,0.0,0.0,0,0,0,0,0,0,0,0,0,0,0,0,0,0,0,371.294281,411.17453,458.476166,561.299927,462.451019,414.505096,371.000916,410.297089,457.497101,560.100098,461.667725,413.803589,369.614746,409.588379,456.70755,559.134705,462.651703,414.685028,369.889069,410.476715,457.697449,560.34552,463.442322,415.394104,40.889923,105501.120511,95.722005,190.498724,0,true,false,0.306473,-326.263369,0,0.0,0.0,0.0
10,2489,7.75,499.382385,72159.307953,499.494515,68238.267571,17470.785276,0.024269,-0.002988,0.959657,0.014138,0.011059,-135.052048,1.0,0.0,0.0,0.0,0.0,0.0,0,0,0,0,0,0,0,0,0,0,0,0,0,0,0,371.295654,411.175232,458.476929,561.300842,462.450043,414.504242,371.000641,410.296234,457.496124,560.098938,461.666992,413.802917,369.613403,409.587708,456.706787,559.133789,462.652679,414.685913,369.889374,410.47757,457.698425,560.346741,463.443085,415.394775,40.942585,105501.121157,95.721179,190.446061,0,true,false,0.339293,-326.253369,0,0.0,0.0,0.0
10,2490,7.8,499.381241,-34858.689194,499.494655,-30937.762226,17470.648626,0.032184,-0.003963,5.769631,0.014138,0.011059,-135.052048,1.0,0.0,0.0,0.0,0.0,0.0,0,0,0,0,0,0,0,0,0,0,0,0,0,0,0,371.297119,411.175964,458.477753,561.301819,462.448975,414.503296,371.000305,410.295288,457.495087,560.097656,461.666168,413.802185,369.611938,409.586945,456.705994,559.132751,462.653748,414.686859,369.889679,410.478516,457.699463,560.348022,463.443909,415.395508,41.079235,105501.121841,95.720305,190.309411,0,true,false,0.364337,-326.243369,0,0.0,0.0,0.0
10,2491,7.85,499.379223,72159.309972,499.494904,68238.267322,17469.976999,0.043945,-0.005411,18.943499,0.014138,0.011059,-135.052048,1.0,0.0,0.0,0.0,0.0,0.0,0,0,0,0,0,0,0,0,0,0,0,0,0,0,0,371.299713,411.177246,458.479187,561.303589,462.447144,414.501617,370.999756,410.29364,457.493225,560.095398,461.664703,413.800873,369.609344,409.585663,456.704529,559.130981,462.655579,414.688507,369.890228,410.480194,457.701324,560.350281,463.445343,415.39679,41.750862,105501.122964,95.718868,189.637783,0,true,false,0.397402,-326.233369,0,0.0,0.0,0.0
10,2492,7.9,499.376605,-34858.686576,499.495226,-30937.762549,17468.369781,0.057142,-0.007036,41.08958,0.014138,0.011059,-135.052048,1.0,0.0,0.0,0.0,0.0,0.0,0,0,0,0,0,0,0,0,0,0,0,0,0,0,0,371.30307,411.178925,458.481049,561.305908,462.444733,414.499481,370.999054,410.291473,457.490845,560.092468,461.662842,413.799194,369.605957,409.583984,456.702667,559.128723,462.65799,414.690643,369.89093,410.48233,457.703705,560.35321,463.447235,415.398499,43.358078,105501.124279,95.717187,188.030565,0,true,false,0.429849,-326.223369,0,0.0,0.0,0.0
10,2493,7.95,499.373174,72159.313402,499.495649,68238.2669,17465.289946,0.072353,-0.008909,72.304527,0.014138,0.011059,-135.052048,1.0,0.0,0.0,0.0,0.0,0.0,0,0,0,0,0,0,0,0,0,0,0,0,0,0,0,371.307495,411.181122,458.483521,561.308899,462.441589,414.496674,370.998108,410.288666,457.487701,560.088623,461.66037,413.796997,369.601562,409.581787,456.700195,559.125732,462.661133,414.693481,369.891876,410.485168,457.706848,560.357056,463.449677,415.400696,46.437916,105501.125814,95.715225,184.950728,0,true,false,0.46313,-326.213369,0,0.0,0.0,0.0
10,2494,8.0,499.369065,-34858.682467,499.496155,-30937.763054,17460.485089,0.08888,-0.010943,112.229012,0.014138,0.011059,-135.052048,1.0,0.0,0.0,0.0,0.0,0.0,0,0,0,0,0,0,0,0,0,0,0,0,0,0,0,371.312775,411.183777,458.48645,561.3125,462.437805,414.493286,370.996979,410.285278,457.483917,560.083984,461.65744,413.794342,369.596283,409.579132,456.697266,559.122131,462.664917,414.696869,369.893005,410.488525,457.710632,560.361694,463.452637,415.40332,51.242771,105501.127437,95.71315,180.145871,0,true,false,0.495249,-326.203369,0,0.0,0.0,0.0
10,2495,8.05,499.364065,72159.318402,499.49677,68238.266284,17453.414327,0.107118,-0.013189,160.317398,0.014138,0.011059,-135.052048,1.0,0.0,0.0,0.0,0.0,0.0,0,0,0,0,0,0,0,0,0,0,0,0,0,0,0,371.319183,411.186981,458.490021,561.316895,462.433228,414.489166,370.995605,410.281158,457.47934,560.078369,461.653839,413.791138,369.589844,409.575928,456.693695,559.117737,462.669495,414.700958,369.894379,410.492645,457.71521,560.367249,463.456207,415.406525,58.313534,105501.129177,95.710926,173.075107,0,true,false,0.527462,-326.193369,0,0.0,0.0,0.0
10,2496,8.1,499.357819,-34858.676221,499.497539,-30937.763823,17443.166075,0.128161,-0.01578,220.524887,0.014138,0.011059,-135.052048,1.0,0.0,0.0,0.0,0.0,0.0,0,0,0,0,0,0,0,0,0,0,0,0,0,0,0,371.32724,411.190979,458.494507,561.322327,462.42749,414.484039,370.993896,410.276031,457.473602,560.07135,461.649384,413.78714,369.581818,409.57193,456.689209,559.112244,462.675232,414.706116,369.896088,410.497772,457.720947,560.374268,463.460693,415.410553,68.561783,105501.131076,95.708498,162.826854,0,true,false,0.561014,-326.183369,0,0.0,0.0,0.0
10,2497,8.15,499.350729,72159.325493,499.498412,68238.265411,17430.064821,0.150324,-0.018509,287.82431,0.014138,0.011059,-135.052048,1.0,0.0,0.0,0.0,0.0,0.0,0,0,0,0,0,0,0,0,0,0,0,0,0,0,0,371.336334,411.195526,458.499573,561.328552,462.42099,414.47821,370.991974,410.270203,457.467102,560.063416,461.644287,413.782593,369.572693,409.567383,456.684143,559.106018,462.681732,414.711945,369.898041,410.503601,457.727448,560.382263,463.465759,415.4151,81.66304,105501.132949,95.706104,149.725598,0,true,false,0.593248,-326.173369,0,0.0,0.0,0.0
10,2498,8.2,499.342472,-34858.667964,499.499429,-30937.76484,17413.312685,0.174705,-0.021511,365.939026,0.014138,0.011059,-135.052048,1.0,0.0,0.0,0.0,0.0,0.0,0,0,0,0,0,0,0,0,0,0,0,0,0,0,0,371.346954,411.200836,458.505493,561.335815,462.413422,414.471405,370.989716,410.263428,457.459534,560.054138,461.638397,413.777283,369.562103,409.562073,456.678223,559.098816,462.689301,414.718719,369.900299,410.510406,457.735016,560.391479,463.47168,415.42041,98.415176,105501.134841,95.703685,132.97346,0,true,false,0.625469,-326.163369,0,0.0,0.0,0.0
10,2499,8.25,499.562601,72159.105364,499.269886,68238.494954,17390.827304,-17.388942,17.595837,447.10379,0.014138,0.011059,-135.052048,1.0,-1.0,0.0,0.0,-0.279972,-0.209979,0,0,0,0,0,0,0,0,0,0,0,0,0,0,0,371.087006,411.207733,458.513153,561.345215,462.780762,414.800659,371.313019,410.592529,457.826508,560.503418,461.630707,413.770386,369.822052,409.555176,456.670563,559.089417,462.32196,414.389465,369.576965,410.181305,457.368042,559.942261,463.47937,415.427307,120.900558,105501.136869,96.027205,110.488158,0,true,false,0.660109,-326.153369,0,0.0,0.0,0.0
10,2500,8.3,504.116806,-34863.22217,498.408514,-30936.903468,17366.70301,-132.281766,16.398458,487.56828,0.014138,0.011059,-135.052048,1.0,-1.0,1.0,0.0,-0.453353,-0.362682,0,0,0,0,0,0,0,0,0,0,0,0,0,0,0,365.266998,10598.142578,21621.960938,569.850769,40000.0,40000.0,372.950104,40000.0,40000.0,572.928467,40000.0,40000.0,375.64209,40000.0,40000.0,567.441101,40000.0,40000.0,367.93988,40000.0,40000.0,564.39502,24396.275391,24716.183594,145.024857,105498.517507,99.860175,86.365314,0,true,false,0.693118,-326.143369,0,0.0,0.0,0.0
10,2501,8.35,514.920916,72148.301254,497.590817,68239.312651,17339.744108,-252.334077,15.262642,535.711101,0.014158,-0.08513,-135.120712,1.0,-1.0,1.0,0.0,-1.100355,-0.748242,0,0,0,0,0,0,0,0,0,0,0,0,0,0,0,357.591156,10587.772461,21617.658203,569.665222,40000.0,40000.0,374.86554,40000.0,40000.0,583.743774,40000.0,40000.0,389.1987,40000.0,40000.0,567.510742,40000.0,40000.0,365.28302,40000.0,40000.0,553.463867,24391.515625,24703.767578,171.983749,105490.989785,234.435618,236.539973,0,true,false,0.726775,-326.133369,0,0.0,0.0,0.0
10,2502,8.4,527.84266,-34876.143915,496.9888,-30936.301451,17316.703285,-349.037567,14.516324,580.248847,0.014834,-0.402766,-135.327911,1.0,-1.0,1.0,0.0,-1.181819,-0.656566,0,0,0,0,0,0,0,0,0,0,0,0,0,0,0,11085.727539,10569.635742,21609.785156,40000.0,40000.0,40000.0,40000.0,40000.0,40000.0,40000.0,40000.0,40000.0,40000.0,40000.0,40000.0,40000.0,40000.0,40000.0,40000.0,40000.0,40000.0,40000.0,24395.240234,24684.277344,195.024582,105477.916188,625.288653,798.345929,0,true,false,0.753114,-326.123369,0,0.0,0.0,0.0
10,2503,8.45,551.012139,72125.131776,496.233933,68240.067519,17283.337192,-480.403974,13.779659,645.584137,0.019799,-1.172094,-135.750763,1.0,-1.0,1.0,0.0,-1.473599,-0.29472,0,0,0,0,0,0,0,0,0,0,0,0,0,0,0,11073.962891,10536.442383,21598.162109,40000.0,40000.0,40000.0,40000.0,40000.0,40000.0,40000.0,40000.0,40000.0,40000.0,40000.0,40000.0,40000.0,40000.0,40000.0,40000.0,40000.0,40000.0,40000.0,24410.066406,24651.669922,228.390671,105434.819384,1419.90742,2181.00243,0,true,false,0.787822,-326.113369,0,0.0,0.0,0.0
10,2504,8.5,581.224856,-34906.356632,495.518033,-30935.585552,17246.430906,-616.674294,13.138773,717.989446,0.033599,-2.41194,-136.243027,1.0,-1.0,1.0,0.0,-1.631541,-0.244731,0,0,0,0,0,0,0,0,0,0,0,0,0,0,0,11063.78125,10501.147461,21594.876953,40000.0,40000.0,40000.0,40000.0,40000.0,40000.0,40000.0,40000.0,40000.0,40000.0,40000.0,40000.0,40000.0,40000.0,40000.0,40000.0,40000.0,40000.0,40000.0,24437.201172,24623.740234,265.296967,105327.115296,2345.452151,4424.296578,0,true,false,0.822317,-326.103369,0,0.0,0.0,0.0
10,2505,8.55,610.387705,72095.968927,494.984858,68240.600695,17214.461926,-727.535987,12.316829,775.741414,0.052491,-3.705237,-136.627777,1.0,-1.0,1.0,0.0,-1.788912,0.069993,0,0,0,0,0,0,0,0,0,0,0,0,0,0,0,11059.905273,10477.256836,21667.560547,40000.0,40000.0,40000.0,40000.0,40000.0,40000.0,40000.0,40000.0,40000.0,40000.0,40000.0,40000.0,40000.0,40000.0,40000.0,40000.0,40000.0,40000.0,40000.0,24471.083984,24614.818359,297.26593,105163.627515,3070.117372,6767.460756,0,true,false,0.849554,-326.093369,0,0.0,0.0,0.0
10,2506,8.6,655.956333,-34951.92526,494.37056,-30934.971255,17168.558303,-883.423773,10.146665,863.011274,0.083776,-5.922659,-137.032883,1.0,-1.0,1.0,0.0,-1.281639,0.345057,0,0,0,0,0,0,0,0,0,0,0,0,0,0,0,11067.989258,10462.849609,21911.255859,40000.0,40000.0,40000.0,40000.0,40000.0,40000.0,40000.0,40000.0,40000.0,40000.0,40000.0,40000.0,40000.0,40000.0,40000.0,40000.0,40000.0,40000.0,40000.0,24543.025391,24641.957031,343.169556,104770.876656,3837.084775,10782.584491,0,true,false,0.885211,-326.083369,0,0.0,0.0,0.0
10,2507,8.65,696.74342,72055.18184,494.030889,68240.940366,17130.294212,-1007.581431,6.787093,928.29333,0.104939,-7.881421,-137.220184,1.0,-1.0,1.0,0.0,-1.284845,0.412986,0,0,0,0,0,0,0,0,0,0,0,0,0,0,0,11087.232422,10469.745117,22095.777344,40000.0,40000.0,40000.0,40000.0,40000.0,40000.0,40000.0,40000.0,40000.0,40000.0,40000.0,40000.0,40000.0,40000.0,40000.0,40000.0,40000.0,40000.0,40000.0,24623.005859,24701.744141,381.433655,104304.087627,4198.861681,14315.687383,0,true,false,0.91247,-326.073369,0,0.0,0.0,0.0
10,2508,8.7,759.980331,-35015.162171,493.907556,-30934.847921,17074.627037,-1183.253579,-1.149423,1015.498926,0.124957,-10.854117,-137.350266,1.0,-1.0,1.0,0.0,-1.254235,0.09648,0,0,0,0,0,0,0,0,0,0,0,0,0,0,0,11138.959961,10508.84375,22373.431641,40000.0,40000.0,40000.0,40000.0,40000.0,40000.0,40000.0,40000.0,40000.0,40000.0,40000.0,40000.0,40000.0,40000.0,40000.0,40000.0,40000.0,40000.0,40000.0,24785.511719,24852.078125,437.10083,103376.917662,4464.194227,19642.448471,0,true,false,0.949011,-326.063369,0,0.0,0.0,0.0
10,2509,8.75,816.762532,71998.399639,493.589455,68241.258466,17032.450211,-1352.467092,11.585819,937.342785,0.140024,-13.364004,-137.424667,0.0,-1.0,1.0,0.0,-1.287839,0.0,0,0,0,0,0,0,0,0,0,0,0,0,0,0,0,11204.395508,10563.84668,22648.898438,40000.0,40000.0,40000.0,40000.0,40000.0,40000.0,40000.0,40000.0,40000.0,40000.0,40000.0,40000.0,40000.0,40000.0,40000.0,40000.0,40000.0,40000.0,40000.0,25020.873047,25031.818359,479.277649,102381.492662,4623.425077,24100.239479,0,true,false,0.97729,-326.053369,0,0.0,0.0,0.0
10,2510,8.8,902.819471,-35101.219111,493.12506,-30934.383526,16982.458739,-1551.186503,-31.634037,808.464529,0.162673,-17.067841,-137.513687,0.0,0.0,1.0,0.0,-1.220705,0.0,0,0,0,0,0,0,0,0,0,0,0,0,0,0,0,11341.644531,10683.975586,23140.876953,40000.0,40000.0,40000.0,40000.0,40000.0,40000.0,40000.0,40000.0,40000.0,40000.0,40000.0,40000.0,40000.0,40000.0,40000.0,40000.0,40000.0,40000.0,40000.0,25468.154297,25391.849609,529.269104,100558.757893,4817.327586,30597.61399,0,true,true,1.0,-326.043369,0,0.0,0.0,0.0
10,2511,8.85,987.89431,71913.324801,501.943547,68232.439979,16945.901316,-1654.088986,-232.344283,647.697263,0.173323,-20.230589,-137.548431,0.0,0.0,1.0,0.0,-1.365557,0.128021,0,0,0,0,0,0,0,0,0,0,0,0,0,0,0,11485.264648,10812.076172,23633.734375,40000.0,40000.0,40000.0,40000.0,40000.0,40000.0,1122.643799,40000.0,40000.0,40000.0,40000.0,40000.0,40000.0,40000.0,40000.0,40000.0,40000.0,40000.0,40000.0,25896.693359,25782.011719,565.826538,98663.560318,4909.81753,36041.204912,0,true,true,1.0,-326.033369,0,0.0,0.0,0.0
10,2512,8.9,1064.493256,-35177.818057,517.057707,-30949.497686,16921.116198,-1727.571613,-386.423498,502.275966,0.169816,-23.650925,-137.539001,0.0,0.0,1.0,0.0,-1.416536,0.146538,0,0,0,0,0,0,0,0,0,0,0,0,0,0,0,11694.511719,11004.037109,24236.164062,40000.0,40000.0,40000.0,40000.0,40000.0,1010.772522,1159.540527,40000.0,40000.0,40000.0,40000.0,40000.0,40000.0,40000.0,40000.0,40000.0,40000.0,40000.0,40000.0,26438.259766,26326.849609,453.117004,96288.054126,4918.184319,41813.974671,0,true,true,1.0,-326.023369,0,0.0,0.0,0.0
10,2513,8.95,1142.484168,71835.333889,538.132702,68211.364984,16903.182532,-1794.194239,-523.821102,358.406265,0.147078,-27.289778,-137.485123,0.0,0.0,1.0,0.0,-1.388099,0.173512,0,0,0,0,0,0,0,0,0,0,0,0,0,0,0,11974.850586,11264.492188,24982.658203,40000.0,40000.0,40000.0,946.226013,40000.0,1050.145508,1257.638428,1176.114258,1035.573608,1007.878601,40000.0,40000.0,40000.0,40000.0,40000.0,40000.0,40000.0,40000.0,40000.0,27114.273438,27047.361328,423.418549,93389.696359,4857.889179,47792.039593,0,true,true,1.0,-326.013369,0,0.0,0.0,0.0
10,2514,9.0,1244.544197,-35279.878086,572.627309,-30983.992292,16889.806891,-1865.015617,-677.886053,168.650722,0.065776,-32.36034,-137.31955,0.0,0.0,1.0,0.0,-0.876579,0.230679,0,0,0,0,0,0,0,0,0,0,0,0,0,0,0,11831.005859,11742.356445,26234.931641,40000.0,40000.0,40000.0,40000.0,905.059998,1161.942993,1161.942993,1161.942993,1161.942993,905.059998,40000.0,40000.0,40000.0,40000.0,40000.0,40000.0,40000.0,40000.0,40000.0,28247.646484,28333.773438,1004.309998,88737.176522,4657.178326,55795.330163,0,true,true,1.0,-326.003369,0,0.0,0.0,0.0
10,2515,9.05,1351.457605,71728.420481,615.598719,68168.393574,16887.49699,-1916.559215,-811.250569,-35.54187,-0.097661,-37.516502,-137.030594,0.0,0.0,1.0,0.0,-0.545637,0.125916,0,0,0,0,0,0,0,0,0,0,0,0,0,0,0,12463.227539,12382.632812,27821.064453,40000.0,40000.0,40000.0,40000.0,987.111023,721.036743,1025.026611,1025.026611,1025.026611,796.088135,40000.0,40000.0,40000.0,40000.0,40000.0,40000.0,40000.0,40000.0,40000.0,29761.646484,29908.222656,2057.837402,83298.176831,4342.176464,63478.118579,0,true,true,1.0,-325.993369,0,0.0,0.0,0.0
10,2516,9.1,1434.936565,-35363.357046,653.141372,-31021.534946,16893.70276,-1942.750247,-898.10485,-197.519412,-0.270015,-41.36517,-136.75592,0.0,0.0,1.0,0.0,-0.516154,0.0,0,0,0,0,0,0,0,0,0,0,0,0,0,0,0,13055.256836,12984.135742,28896.019531,39503.777344,40000.0,40000.0,40000.0,1357.952515,756.45813,935.189148,935.189148,935.189148,1006.537292,1590.481812,40000.0,40000.0,40000.0,40000.0,40000.0,40000.0,40000.0,40000.0,31009.996094,31203.884766,2051.631592,78794.378434,4086.333811,68874.946877,0,true,true,1.0,-325.983369,0,0.0,0.0,0.0
10,2517,9.15,1538.173147,71625.183899,703.5781,68117.956846,16910.746997,-1961.714636,-987.594648,-399.320799,-0.555802,-46.379654,-136.339752,0.0,0.0,1.0,0.0,-0.139986,0.0,0,0,0,0,0,0,0,0,0,0,0,0,0,0,0,14041.761719,13987.658203,30808.744141,36038.515625,40000.0,40000.0,1358.382812,1428.369019,1118.120483,792.577698,727.140137,574.442078,1428.369019,1428.369019,40000.0,40000.0,40000.0,40000.0,40000.0,40000.0,40000.0,36038.515625,33141.671875,33346.6875,1913.488159,72400.051385,3768.078027,75434.250089,0,true,true,1.0,-325.973369,0,0.0,0.0,0.0
10,2518,9.2,1639.665452,-35464.849351,756.90845,-31074.865296,16937.87752,-1965.521838,-1057.500532,-600.451081,-0.893448,-51.187492,-135.887619,0.0,0.0,1.0,0.0,-0.069993,-0.139986,0,0,0,0,0,0,0,0,0,0,0,0,0,0,0,15277.477539,15245.495117,33447.234375,33447.234375,40000.0,40000.0,40000.0,1292.22644,1292.22644,1116.176392,905.336121,786.19458,1292.22644,1292.22644,40000.0,40000.0,40000.0,40000.0,40000.0,40000.0,40000.0,33447.234375,33447.234375,33447.234375,5000.0,65742.979585,3509.302736,81172.44117,0,true,true,1.0,-325.963369,0,0.0,0.0,0.0
10,2519,9.25,1720.008316,71544.841034,801.447731,68073.417565,16966.980174,-1954.061692,-1098.619317,-761.793699,-1.144833,-54.652756,-135.570755,0.0,0.0,1.0,0.0,-0.069993,-0.139986,0,0,0,0,0,0,0,0,0,0,0,0,0,0,0,16396.955078,16382.294922,31916.476562,31916.476562,40000.0,40000.0,40000.0,1018.934326,1198.784546,1198.784546,1154.890503,1014.563354,1082.489258,1109.565063,40000.0,40000.0,40000.0,40000.0,40000.0,40000.0,40000.0,31916.476562,31916.476562,31916.476562,5000.0,60645.012291,3387.56344,84945.222394,0,true,true,1.0,-325.953369,0,0.0,0.0,0.0
10,2520,9.3,1818.218568,-35563.059602,858.303212,-31131.720777,17011.796321,-1930.275007,-1135.923461,-959.132789,-1.4498,-59.097012,-135.205307,0.0,0.0,1.0,0.0,0.0,-0.069993,0,0,0,0,0,0,0,0,0,0,0,0,0,0,0,18255.363281,18263.660156,30287.935547,30287.935547,40000.0,40000.0,40000.0,1733.831299,1028.300049,1087.347412,946.854065,1266.800903,1333.612061,1379.335449,40000.0,40000.0,40000.0,40000.0,40000.0,40000.0,40000.0,30287.935547,30287.935547,30287.935547,5000.0,53786.022714,3313.521953,89320.742103,0,true,true,1.0,-325.943369,0,0.0,0.0,0.0
10,2521,9.35,1907.532808,71455.526794,910.35881,68021.361967,17066.056471,-1730.799976,-1001.688712,-1176.650885,-1.723331,-63.300697,-134.892456,-1.0,0.0,1.0,0.0,0.333259,-0.277716,0,0,0,0,0,0,0,0,0,0,0,0,0,0,0,20643.623047,20676.486328,29029.119141,29029.119141,40000.0,40000.0,40000.0,2619.194092,1485.814575,1052.077148,890.507751,1705.891724,1746.875366,1722.38562,40000.0,40000.0,40000.0,40000.0,40000.0,40000.0,40000.0,29029.119141,29029.119141,29029.119141,5000.0,46998.370809,3306.597536,92959.654053,0,true,true,1.0,-325.933369,0,0.0,0.0,0.0
10,2522,9.4,1986.563541,-35642.090335,955.407179,-31176.769146,17130.052349,-1532.198273,-863.854722,-1371.348251,-1.823585,-67.120857,-134.782013,-1.0,0.0,1.0,0.0,0.660189,-0.330094,0,0,0,0,0,0,0,0,0,0,0,0,0,0,0,23631.761719,23674.681641,28079.007812,28079.007812,40000.0,40000.0,2872.542236,3010.75293,2081.684082,1531.450928,1225.194336,1970.290771,1970.290771,1914.701904,2924.241699,40000.0,40000.0,40000.0,40000.0,40000.0,40000.0,28079.007812,28079.007812,25986.710938,5000.0,40603.955137,3384.127246,95827.337602,0,true,true,1.0,-325.923369,0,0.0,0.0,0.0
10,2523,9.45,2070.488007,71371.602328,1001.408695,67975.360451,17220.942568,-1288.759666,-689.783114,-1581.82833,-1.388547,-71.231987,-135.247681,-1.0,0.0,1.0,0.0,0.846251,-0.267237,0,0,0,0,0,0,0,0,0,0,0,0,0,0,0,27226.730469,27226.730469,27226.730469,27226.730469,40000.0,40000.0,40000.0,2878.305176,2878.305176,2271.302246,1739.019531,1767.136719,1757.55603,1643.021484,3452.999023,40000.0,40000.0,40000.0,40000.0,40000.0,40000.0,27226.730469,27226.730469,27226.730469,5000.0,33507.635693,3591.888355,98428.903626,0,true,true,1.0,-325.913369,0,0.0,0.0,0.0
10,2524,9.5,2125.477136,-35697.079464,1029.766864,-31205.127315,17299.264106,-1106.752111,-555.364976,-1725.325379,-0.347933,-73.95575,-136.339279,-1.0,0.0,1.0,0.0,1.028704,-0.462917,0,0,0,0,0,0,0,0,0,0,0,0,0,0,0,26742.390625,26742.390625,26742.390625,26742.390625,26742.390625,40000.0,40000.0,2577.74585,2754.222412,2754.222412,2329.138184,2162.17334,2075.415283,1999.457764,4167.071289,40000.0,40000.0,40000.0,40000.0,40000.0,40000.0,26742.390625,26742.390625,26742.390625,5000.0,28686.360202,3811.323804,99871.159575,0,true,true,1.0,-325.903369,0,0.0,0.0,0.0
10,2525,9.55,2174.210303,71322.869161,1052.759244,67952.368071,17388.519097,-919.470091,-413.81594,-1858.692983,1.793813,-76.108635,-138.55751,-1.0,0.0,1.0,0.0,1.042123,-0.434218,0,0,0,0,0,0,0,0,0,0,0,0,0,0,0,26383.117188,26383.117188,26383.117188,26383.117188,26383.117188,40000.0,40000.0,3256.881104,2509.100586,2634.745605,2581.089844,2742.387451,2604.814941,2477.280029,4954.606934,5968.561523,40000.0,40000.0,40000.0,40000.0,40000.0,26383.117188,26383.117188,26383.117188,5000.0,24765.996874,4085.125096,100852.061631,0,true,true,1.0,-325.893369,0,0.0,0.0,0.0
10,2526,9.6,2210.796451,-35733.665612,1067.742247,-31220.110317,17474.722399,-758.186886,-288.019272,-1967.550949,5.144929,-77.735054,-141.999313,-1.0,0.0,1.0,0.0,1.046339,-0.23252,0,0,0,0,0,0,0,0,0,0,0,0,0,0,0,26121.480469,26121.480469,26121.480469,26121.480469,26121.480469,26121.480469,40000.0,5920.737305,2537.477295,2355.646484,2475.907227,3354.04126,3133.176758,3000.237793,5086.316406,6634.672852,40000.0,40000.0,40000.0,40000.0,40000.0,26121.480469,26121.480469,26121.480469,5000.0,21674.224853,4376.409259,101512.227376,0,true,true,1.0,-325.883369,0,0.0,0.0,0.0
10,2527,9.65,2246.985691,71286.679921,1078.711448,67941.398869,17589.9787,-564.731268,-132.610135,-2088.470825,10.032958,-78.994469,-146.990875,-1.0,0.0,1.0,0.0,1.312979,0.367634,0,0,0,0,0,0,0,0,0,0,0,0,0,0,0,25886.099609,25886.099609,25886.099609,25886.099609,25886.099609,25886.099609,40000.0,40000.0,4133.632812,2227.592529,2489.764648,3670.127197,3716.293457,3637.096924,4945.930664,4774.432129,13433.686523,40000.0,40000.0,40000.0,40000.0,25886.099609,25886.099609,25886.099609,5000.0,19037.191515,4687.854884,101992.308997,0,true,true,1.0,-325.873369,0,0.0,0.0,0.0
10,2528,9.7,2269.192145,-35755.872065,1081.266704,-31222.665574,17691.586669,-413.794141,-7.925028,-2180.516395,12.560331,-79.275902,-149.564499,-1.0,0.0,1.0,0.0,1.434977,0.688789,0,0,0,0,0,0,0,0,0,0,0,0,0,0,0,25758.291016,25758.291016,25758.291016,25758.291016,25758.291016,25758.291016,40000.0,40000.0,4602.522461,2334.387695,2312.334717,3614.768799,3950.489014,3823.650391,4837.855957,4666.519043,10312.764648,40000.0,40000.0,40000.0,40000.0,40000.0,25758.291016,25758.291016,5000.0,18237.942731,4834.383681,102114.112139,0,true,true,1.0,-325.863369,0,0.0,0.0,0.0
10,2529,9.75,2284.009002,71271.863063,1078.454774,67944.2108,17791.964667,-280.045296,103.763364,-2260.737611,13.229822,-79.115883,-150.245926,-1.0,0.0,1.0,0.0,0.957274,0.615391,0,0,0,0,0,0,0,0,0,0,0,0,0,0,0,25669.806641,25669.806641,25669.806641,25669.806641,25669.806641,25669.806641,40000.0,40000.0,4745.170898,2880.950195,2356.06665,3620.400879,3952.031738,3812.978516,4738.218262,4567.602539,10216.045898,40000.0,40000.0,40000.0,40000.0,40000.0,25669.806641,25669.806641,5000.0,18350.767264,4893.197582,102083.038,0,true,true,1.0,-325.853369,0,0.0,0.0,0.0
10,2530,9.8,2294.880296,-35766.74336,1067.079271,-31211.290071,17932.584752,-114.664786,241.015713,-2356.530549,12.155634,-78.646965,-149.151077,-1.0,0.0,1.0,0.0,0.490517,0.735775,0,0,0,0,0,0,0,0,0,0,0,0,0,0,0,25567.703125,25567.703125,25567.703125,25567.703125,25567.703125,25567.703125,40000.0,40000.0,4485.784668,2342.037598,2626.016846,3755.091309,3769.988281,3584.336426,4602.418945,4430.714844,13220.21582,40000.0,40000.0,40000.0,40000.0,40000.0,25567.703125,25567.703125,5000.0,19117.913282,4869.0904,101944.634618,0,true,true,1.0,-325.843369,0,0.0,0.0,0.0
10,2531,9.85,2296.46666,71270.2767,1055.333745,67955.956326,18026.058615,-16.709367,321.016418,-2411.414652,10.598851,-78.38575,-147.56282,-1.0,0.0,1.0,0.0,0.494163,1.26286,0,0,0,0,0,0,0,0,0,0,0,0,0,0,0,25495.964844,25495.964844,25495.964844,25495.964844,25495.964844,25495.964844,40000.0,40000.0,4348.044434,2293.804443,2713.479492,3966.519287,3625.582764,3356.28418,4511.255859,4339.392578,40000.0,40000.0,40000.0,40000.0,40000.0,40000.0,25495.964844,25495.964844,5000.0,19615.389522,4788.307965,101861.977765,0,true,true,1.0,-325.833369,0,0.0,0.0,0.0
10,2532,9.9,2292.89452,-35763.17122,1033.29838,-31189.254706,18166.401035,114.623192,430.145027,-2509.446623,6.07183,-77.652359,-142.936493,-1.0,0.0,1.0,0.0,0.0,0.0,0,0,0,0,0,0,0,0,0,0,0,0,0,0,0,25421.650391,25421.650391,25421.650391,25421.650391,25421.650391,25421.650391,40000.0,8365.754883,3041.624512,2135.853516,2909.907227,3525.643555,3278.296387,3446.000488,4379.86084,6706.089355,40000.0,40000.0,40000.0,40000.0,40000.0,25421.650391,25421.650391,25421.650391,5000.0,21084.280407,4500.413386,101601.042608,0,true,true,1.0,-325.823369,0,0.0,0.0,0.0
10,2533,9.95,2284.920579,71278.250641,1011.625015,67977.629691,18282.141641,211.346946,504.777334,-2572.956958,3.542306,-77.162376,-140.345306,-1.0,0.0,1.0,0.0,0.0,0.0,0,0,0,0,0,0,0,0,0,0,0,0,0,0,0,25351.554688,25351.554688,25351.554688,25351.554688,25351.554688,40000.0,40000.0,4801.834961,2100.563965,2292.979004,3051.625488,3232.226807,3043.817871,4269.52832,4269.52832,6365.382812,40000.0,40000.0,40000.0,40000.0,40000.0,25351.554688,25351.554688,25351.554688,5000.0,21964.581658,4313.744286,101445.141014,0,true,true,1.0,-325.813369,0,0.0,0.0,0.0
10,2534,10.0,2268.663384,-35746.914024,979.369383,-31156.999074,18433.934758,325.342998,590.254092,-2652.108279,1.428964,-76.700897,-138.176208,-1.0,0.0,1.0,0.0,0.0,0.0,0,0,0,0,0,0,0,0,0,0,0,0,0,0,0,25243.021484,25243.021484,25243.021484,25243.021484,25243.021484,40000.0,40000.0,3882.512939,1949.732666,2354.19043,3205.938232,2923.996826,2727.295166,4121.54248,3997.503662,40000.0,40000.0,40000.0,40000.0,40000.0,40000.0,25243.021484,25243.021484,25243.021484,5000.0,22712.264886,4142.151007,101324.455133,0,true,true,1.0,-325.803369,0,0.0,0.0,0.0
10,2535,10.05,2250.90777,71296.006254,949.88187,68007.117203,18560.01891,409.874973,651.327823,-2710.27448,0.268875,-76.424828,-136.983643,-1.0,0.0,1.0,0.0,0.0,0.0,0,0,0,0,0,0,0,0,0,0,0,0,0,0,0,25142.388672,25142.388672,25142.388672,25142.388672,25142.388672,40000.0,40000.0,2944.234619,1836.105713,2399.828613,3042.098389,2697.968506,2444.971436,3996.582031,3944.29248,40000.0,40000.0,40000.0,40000.0,40000.0,40000.0,25142.388672,25142.388672,25142.388672,5000.0,23112.070327,4042.16006,101273.952494,0,true,true,1.0,-325.793369,0,0.0,0.0,0.0
10,2536,10.1,2229.362378,-35725.368632,917.414611,-31124.531814,18692.023377,445.606713,665.893084,-2774.498325,-0.567067,-76.214973,-136.123398,0.0,0.0,1.0,0.0,0.0,0.0,0,0,0,0,0,0,0,0,0,0,0,0,0,0,0,25028.894531,25028.894531,25028.894531,25028.894531,25028.894531,40000.0,40000.0,1883.465454,2010.892456,2442.810059,2781.923584,2478.991211,2217.245605,3864.227295,3811.891113,40000.0,40000.0,40000.0,40000.0,40000.0,40000.0,25028.894531,25028.894531,25028.894531,5000.0,23377.00801,3968.501364,101257.113265,0,true,true,1.0,-325.783369,0,0.0,0.0,0.0
10,2537,10.15,2210.813324,71314.555308,888.94362,68035.588195,18824.432107,367.373891,574.345943,-2861.376181,-1.222409,-76.009331,-135.448441,0.0,0.0,1.0,0.0,1.889811,0.489951,0,0,0,0,0,0,0,0,0,0,0,0,0,0,0,24914.658203,24914.658203,24914.658203,24914.658203,24914.658203,40000.0,40000.0,1772.508667,2028.370728,2476.081543,2563.131104,2292.463379,2113.344727,3731.201172,3678.818604,40000.0,40000.0,40000.0,40000.0,40000.0,40000.0,24914.658203,24914.658203,24914.658203,5000.0,23626.649448,3909.405503,101237.640508,0,true,true,1.0,-325.773369,0,0.0,0.0,0.0
10,2538,10.2,2192.447763,-35707.003071,858.971045,-31094.55924,18996.939739,273.758182,463.186221,-2957.194274,-1.788318,-74.822197,-134.864655,0.0,0.0,1.0,0.0,1.939037,-0.204109,0,0,0,0,0,0,0,0,0,0,0,0,0,0,0,24870.595703,24870.595703,24870.595703,24870.595703,24870.595703,40000.0,8703.585938,1634.231812,1920.254028,2354.174072,2202.318848,1975.986694,1881.74585,3572.628174,4195.713379,40000.0,40000.0,40000.0,40000.0,40000.0,40000.0,24870.595703,24870.595703,24870.595703,5000.0,25565.973371,3844.831214,100806.035492,0,true,true,1.0,-325.763369,0,0.0,0.0,0.0
10,2539,10.25,2180.979241,71326.023831,838.275917,68056.283323,19150.788227,194.206998,368.938545,-3031.063429,-1.93023,-73.0606,-134.717422,0.0,0.0,1.0,0.0,1.659054,0.061446,0,0,0,0,0,0,0,0,0,0,0,0,0,0,0,24930.876953,24930.876953,24930.876953,24930.876953,24930.876953,40000.0,1613.65271,1570.234131,1754.04834,2152.76123,1886.208374,1693.704834,1644.479004,3299.286377,3888.037354,40000.0,40000.0,40000.0,40000.0,40000.0,40000.0,24930.876953,24930.876953,24930.876953,5000.0,28514.815202,3807.894379,100039.830002,0,true,true,1.0,-325.753369,0,0.0,0.0,0.0
10,2540,10.3,2174.017275,-35700.041106,823.486386,-31079.769709,19294.815711,120.80117,283.154381,-3096.391127,-2.056075,-70.875313,-134.585693,0.0,0.0,1.0,0.0,0.903654,0.053156,0,0,0,0,0,0,0,0,0,0,0,0,0,0,0,25089.953125,25089.953125,25089.953125,25089.953125,40000.0,40000.0,1409.942017,1414.830322,1581.583252,1942.998535,1621.244751,1456.813843,1439.467773,2887.241943,3866.161377,40000.0,40000.0,40000.0,40000.0,40000.0,40000.0,25089.953125,25089.953125,25089.953125,5000.0,32180.653681,3754.517273,98942.655285,0,true,true,1.0,-325.743369,0,0.0,0.0,0.0
10,2541,10.35,2170.506077,71329.535029,812.282498,68067.487211,19451.170709,39.756859,188.775282,-3148.656415,-2.174248,-68.449631,-134.460419,0.0,0.0,1.0,0.0,0.631853,0.069993,0,0,0,0,0,0,0,0,0,0,0,0,0,0,0,24193.052734,25022.347656,25318.734375,25318.734375,40000.0,40000.0,1246.421021,1278.072876,1429.68103,1722.183472,1411.723267,1269.394897,1276.519287,2547.392334,3759.212158,40000.0,40000.0,40000.0,40000.0,40000.0,40000.0,25318.734375,25318.734375,25070.675781,5000.0,36200.905603,3684.024048,97560.74869,0,true,true,1.0,-325.733369,0,0.0,0.0,0.0
10,2542,10.4,2171.152077,-35700.687106,805.785577,-31073.272788,19612.144909,-44.504879,92.134433,-3201.900817,-2.264824,-65.917564,-134.363007,0.0,0.0,1.0,0.0,0.36043,0.069993,0,0,0,0,0,0,0,0,0,0,0,0,0,0,0,22462.251953,22545.482422,25617.630859,25617.630859,40000.0,40000.0,1124.27124,1163.894897,1302.650269,1533.512817,1257.953735,1131.718506,1156.151733,2283.670654,3653.449219,40000.0,40000.0,40000.0,40000.0,40000.0,40000.0,25617.630859,25617.630859,23506.158203,5000.0,40333.402623,3602.155265,95937.588317,0,true,true,1.0,-325.723369,0,0.0,0.0,0.0
10,2543,10.45,2175.948637,71324.738469,804.208448,68069.064341,19771.423729,-128.959184,-4.356628,-3238.740521,-2.346885,-63.367752,-134.273041,0.0,0.0,1.0,0.0,0.209979,0.069993,0,0,0,0,0,0,0,0,0,0,0,0,0,0,0,20442.269531,20526.494141,25985.59375,25985.59375,40000.0,40000.0,1036.268188,1070.399292,1198.596558,1400.901978,1149.920776,1035.024414,1071.78186,2085.005127,3415.151855,40000.0,40000.0,40000.0,40000.0,40000.0,40000.0,25985.59375,25985.59375,25985.59375,5000.0,44420.963837,3506.212716,94119.995765,0,true,true,1.0,-325.713369,0,0.0,0.0,0.0
10,2544,10.5,2185.613561,-35710.352031,807.787615,-31076.851956,19941.035769,-220.096629,-107.542738,-3272.68757,-2.414855,-60.829693,-134.197052,0.0,0.0,1.0,0.0,0.349965,0.0,0,0,0,0,0,0,0,0,0,0,0,0,0,0,0,18781.396484,18864.884766,26408.1875,26408.1875,40000.0,40000.0,976.67511,993.977112,1113.483643,1313.529175,1078.793457,971.397888,1017.550049,1938.239502,3247.422363,40000.0,40000.0,40000.0,40000.0,40000.0,40000.0,26408.1875,26408.1875,26408.1875,5000.0,48395.259114,3400.711558,92137.737002,0,true,true,1.0,-325.703369,0,0.0,0.0,0.0
10,2545,10.55,2200.830682,71309.521349,817.315527,68059.536429,20119.521332,-315.555926,-215.571477,-3287.360493,-2.416353,-58.286282,-134.196259,0.0,0.0,1.0,0.0,0.279972,-0.139986,0,0,0,0,0,0,0,0,0,0,0,0,0,0,0,17380.986328,17457.28125,26896.527344,26896.527344,40000.0,40000.0,940.737,929.574585,1041.342407,1264.316528,1038.38147,935.012939,986.62146,1831.739624,3123.460449,40000.0,40000.0,40000.0,40000.0,40000.0,40000.0,26896.527344,26896.527344,26896.527344,5000.0,52278.04056,3314.901655,89980.00258,0,true,true,1.0,-325.693369,0,0.0,0.0,0.0
10,2546,10.6,2213.478875,-35723.000224,826.602454,-31086.138883,20235.929194,-380.047635,-287.114472,-3306.031551,-2.346214,-56.465908,-134.279892,0.0,0.0,1.0,0.0,0.139986,-0.069993,0,0,0,0,0,0,0,0,0,0,0,0,0,0,0,16511.074219,16576.189453,27309.544922,27309.544922,40000.0,40000.0,923.811951,888.654907,995.048157,1225.236084,1021.083008,919.02594,970.868713,1771.467163,3047.989502,40000.0,40000.0,40000.0,40000.0,40000.0,40000.0,27309.544922,27309.544922,27309.544922,5000.0,55006.614504,3291.370164,88324.843292,0,true,true,1.0,-325.683369,0,0.0,0.0,0.0
10,2547,10.65,2235.233649,71287.766575,844.025925,68042.112959,20400.949331,-470.273461,-386.824633,-3311.839327,-2.158498,-54.277977,-134.50798,0.0,0.0,1.0,0.0,0.069993,-0.069993,0,0,0,0,0,0,0,0,0,0,0,0,0,0,0,15575.317383,15616.966797,27836.171875,27836.171875,40000.0,40000.0,40000.0,788.900452,945.372314,1162.078247,1022.823181,919.468872,968.43634,1723.509888,2926.189453,40000.0,40000.0,40000.0,40000.0,40000.0,40000.0,27836.171875,27836.171875,27836.171875,5000.0,58190.988763,3340.535547,86230.731604,0,true,true,1.0,-325.673369,0,0.0,0.0,0.0
10,2548,10.7,2263.854211,-35751.620786,868.443364,-31110.556323,20579.333398,-566.764628,-491.847239,-3306.009875,-1.911636,-52.319805,-134.815598,0.0,0.0,1.0,0.0,0.069993,-0.069993,0,0,0,0,0,0,0,0,0,0,0,0,0,0,0,14816.404297,14903.571289,28329.136719,28329.136719,40000.0,40000.0,40000.0,795.900146,905.786987,1110.87146,1050.681396,942.952209,986.462891,1707.403687,2776.311279,40000.0,40000.0,40000.0,40000.0,40000.0,40000.0,28329.136719,28329.136719,28329.136719,5000.0,60940.399285,3464.876525,84265.701646,0,true,true,1.0,-325.663369,0,0.0,0.0,0.0
10,2549,10.75,2294.696066,71256.92472,895.754405,68014.801918,20742.891638,-657.244036,-587.754972,-3306.59254,-1.614231,-50.59568,-135.195206,0.0,0.0,1.0,0.0,0.069993,-0.069993,0,0,0,0,0,0,0,0,0,0,0,0,0,0,0,14203.589844,14338.412109,28804.867188,28804.867188,40000.0,40000.0,40000.0,818.109619,873.407593,1068.166016,1090.55188,976.730225,1011.60437,1708.187622,2711.027588,40000.0,40000.0,40000.0,40000.0,40000.0,40000.0,28804.867188,28804.867188,28804.867188,5000.0,63293.512546,3667.67333,82459.034201,0,true,true,1.0,-325.653369,0,0.0,0.0,0.0
10,2550,10.8,2330.240802,-35787.165522,927.949614,-31142.751532,20907.420211,-746.423442,-680.322275,-3296.882381,-1.313774,-49.103333,-135.587524,0.0,0.0,1.0,0.0,0.069993,0.0,0,0,0,0,0,0,0,0,0,0,0,0,0,0,0,13700.450195,13883.056641,29227.181641,29227.181641,40000.0,40000.0,40000.0,1204.251465,824.511108,1033.777954,1146.633911,1024.772827,1049.524048,1728.831665,2628.2854,40000.0,40000.0,40000.0,40000.0,40000.0,40000.0,29227.181641,29227.181641,29227.181641,5000.0,65258.039823,3911.612669,80847.52384,0,true,true,1.0,-325.643369,0,0.0,0.0,0.0
10,2551,10.85,2369.048151,71218.11737,963.619409,67979.132122,21066.377062,-831.770865,-767.064608,-3285.434838,-1.060173,-48.125919,-135.924805,0.0,0.0,1.0,0.0,0.069993,-0.069993,0,0,0,0,0,0,0,0,0,0,0,0,0,0,0,13360.945312,13586.235352,29456.382812,29456.382812,40000.0,40000.0,40000.0,1480.287598,820.987,1012.785583,1220.565552,1088.8396,1103.697266,1774.488892,2360.765625,40000.0,40000.0,40000.0,40000.0,40000.0,40000.0,29456.382812,29456.382812,29456.382812,5000.0,66466.013647,4146.737329,79784.437014,0,true,true,1.0,-325.633369,0,0.0,0.0,0.0
10,2552,10.9,2417.661426,-35835.778797,1008.683995,-31187.816117,21245.31566,-923.242347,-857.869866,-3263.85307,-0.749069,-46.924217,-136.345612,0.0,0.0,1.0,0.0,0.069993,0.0,0,0,0,0,0,0,0,0,0,0,0,0,0,0,0,12964.416992,13240.762695,29782.537109,29782.537109,40000.0,40000.0,40000.0,1679.105347,870.009094,987.961121,1311.788452,1167.515259,1168.300415,1642.31665,2161.567871,40000.0,40000.0,40000.0,40000.0,40000.0,40000.0,29782.537109,29782.537109,29782.537109,5000.0,67934.684981,4459.09633,78441.846136,0,true,true,1.0,-325.623369,0,0.0,0.0,0.0
10,2553,10.95,2470.002422,71165.776375,1057.434676,67930.381442,21419.239516,-1011.128464,-942.68376,-3242.890466,-0.458216,-45.87228,-136.746384,0.0,0.0,1.0,0.0,0.139986,0.0,0,0,0,0,0,0,0,0,0,0,0,0,0,0,0,12617.757812,12906.435547,29621.164062,30065.583984,40000.0,40000.0,40000.0,2374.900879,1173.03833,906.967285,1339.522095,1254.817383,1228.875,1309.667603,2099.40625,40000.0,40000.0,40000.0,40000.0,40000.0,40000.0,30065.583984,30065.583984,30065.583984,5000.0,69171.150586,4777.000286,77247.974059,0,true,true,1.0,-325.613369,0,0.0,0.0,0.0
10,2554,11.0,2523.570544,-35889.346919,1107.402055,-31237.783496,21582.173341,-1092.387042,-1018.974591,-3222.868128,-0.164214,-44.913403,-137.158569,0.0,0.0,1.0,0.0,0.069993,0.0,0,0,0,0,0,0,0,0,0,0,0,0,0,0,0,12306.226562,12569.450195,13352.168945,30335.263672,40000.0,40000.0,40000.0,2737.321045,1256.022827,960.657166,1221.995361,1221.995361,1285.673096,1317.718018,2171.572998,40000.0,40000.0,40000.0,40000.0,40000.0,40000.0,30335.263672,30335.263672,30029.6875,5000.0,70264.784537,5122.554089,76141.600582,0,true,true,1.0,-325.603369,0,0.0,0.0,0.0
10,2555,11.05,2569.533438,71119.813481,1150.250115,67887.533382,21712.269829,-1154.807873,-1076.09029,-3202.897558,0.055255,-44.206726,-137.470703,0.0,0.0,1.0,0.0,0.139986,-0.069993,0,0,0,0,0,0,0,0,0,0,0,0,0,0,0,12073.516602,12313.970703,13073.412109,30531.017578,40000.0,40000.0,40000.0,40000.0,1531.702271,1007.540283,948.45459,809.370789,809.370789,1389.958008,2238.024902,40000.0,40000.0,40000.0,40000.0,40000.0,40000.0,30531.017578,30531.017578,29657.4375,5000.0,71042.706746,5395.085801,75318.547928,0,true,true,1.0,-325.593369,0,0.0,0.0,0.0
10,2556,11.1,2630.3743,-35950.18778,1206.848377,-31294.381759,21873.481563,-1232.521457,-1145.16177,-3179.897384,0.434494,-43.217148,-138.018417,0.0,0.0,1.0,0.0,0.209979,-0.209979,0,0,0,0,0,0,0,0,0,0,0,0,0,0,0,11768.539062,11972.626953,12671.188477,30852.207031,40000.0,40000.0,40000.0,40000.0,1697.433105,1151.347046,991.180908,873.962036,869.867065,1480.845337,2308.174561,40000.0,40000.0,40000.0,40000.0,40000.0,40000.0,30852.207031,30616.472656,29218.070312,5000.0,72120.339666,5892.805179,74143.51065,0,true,true,1.0,-325.583369,0,0.0,0.0,0.0
10,2557,11.15,2696.186552,71054.001228,1267.806529,67826.57523,22036.079289,-1307.151783,-1208.186945,-3148.765301,0.928243,-42.105152,-138.745346,0.0,0.0,1.0,0.0,0.282916,-0.282916,0,0,0,0,0,0,0,0,0,0,0,0,0,0,0,11449.416016,11608.975586,12236.425781,31266.412109,40000.0,40000.0,40000.0,40000.0,1983.274536,1330.451416,1127.088257,989.687012,960.496887,1573.996948,2366.334473,40000.0,40000.0,40000.0,40000.0,40000.0,40000.0,40000.0,30479.474609,28404.339844,5000.0,73302.257307,6583.951227,72799.35843,0,true,true,1.0,-325.573369,0,0.0,0.0,0.0
10,2558,11.2,2769.398124,-36023.399352,1335.14164,-31361.71687,22204.907675,-1387.988473,-1272.406276,-3118.951061,1.541201,-40.865067,-139.667862,0.0,0.0,1.0,0.0,0.209979,-0.069993,0,0,0,0,0,0,0,0,0,0,0,0,0,0,0,11116.144531,11223.226562,11770.023438,31783.177734,40000.0,40000.0,40000.0,40000.0,2432.733887,1532.875488,1248.653076,1115.940918,1052.963135,1673.003784,2431.364746,40000.0,40000.0,40000.0,40000.0,40000.0,40000.0,40000.0,31783.177734,27558.314453,5000.0,74567.8421,7503.331117,71279.445531,0,true,true,1.0,-325.563369,0,0.0,0.0,0.0
10,2559,11.25,2844.981206,70978.418146,1403.974247,67757.742623,22367.939974,-1463.854673,-1327.492833,-3082.539208,2.140785,-39.679718,-140.592453,0.0,0.0,1.0,0.0,0.0,0.0,0,0,0,0,0,0,0,0,0,0,0,0,0,0,0,10807.722656,10865.557617,11337.457031,32313.560547,40000.0,40000.0,40000.0,40000.0,2723.741699,1744.590576,1361.968506,1244.796509,1144.21582,1773.817505,2504.734375,40000.0,40000.0,40000.0,40000.0,40000.0,40000.0,40000.0,32313.560547,26748.982422,5000.0,75711.777968,8469.434036,69813.883774,0,true,true,1.0,-325.553369,0,0.0,0.0,0.0
10,2560,11.3,2925.334112,-36103.752258,1476.260584,-31434.003207,22530.485713,-1542.658306,-1380.994711,-3047.996351,2.628283,-38.663651,-141.362,0.0,0.0,1.0,0.0,0.069993,0.0,0,0,0,0,0,0,0,0,0,0,0,0,0,0,0,10530.326172,10549.325195,10960.514648,32764.464844,40000.0,40000.0,40000.0,40000.0,40000.0,1969.702148,1527.245117,1381.699341,1243.76001,1884.460449,2690.914551,40000.0,40000.0,40000.0,40000.0,40000.0,40000.0,40000.0,32764.464844,25211.011719,5000.0,76622.261564,9308.39605,68555.074335,0,true,true,1.0,-325.543369,0,0.0,0.0,0.0
10,2561,11.35,2991.955192,70911.797066,1535.462812,67698.540396,22657.955156,-1602.290609,-1418.621833,-3016.954848,2.954616,-37.9226,-141.887039,0.0,0.0,1.0,0.0,0.139986,0.0,0,0,0,0,0,0,0,0,0,0,0,0,0,0,0,10322.050781,10315.746094,10685.918945,33098.214844,40000.0,40000.0,40000.0,40000.0,40000.0,2155.137695,1663.084229,1494.185791,1353.670288,1976.725464,40000.0,40000.0,40000.0,40000.0,40000.0,40000.0,40000.0,40000.0,33098.214844,24014.84375,5000.0,77254.202246,9901.195794,67632.859875,0,true,true,1.0,-325.533369,0,0.0,0.0,0.0
10,2562,11.4,3079.824125,-36191.621191,1612.55456,-31511.094955,22817.373281,-1679.986804,-1465.92129,-2981.334567,3.342923,-36.916832,-142.524017,0.0,0.0,1.0,0.0,0.069993,0.0,0,0,0,0,0,0,0,0,0,0,0,0,0,0,0,10052.841797,10017.599609,10339.09668,33601.023438,40000.0,40000.0,40000.0,40000.0,40000.0,2472.70752,1838.773315,1638.900879,1508.177734,2094.533936,40000.0,40000.0,40000.0,40000.0,40000.0,40000.0,40000.0,40000.0,33601.023438,23351.880859,5000.0,78105.999341,10649.389387,66364.434307,0,true,true,1.0,-325.523369,0,0.0,0.0,0.0
10,2563,11.45,3152.48087,70839.140321,1675.450317,67635.644639,22942.547768,-1734.562266,-1495.612142,-2944.679174,3.607663,-36.171062,-142.967194,0.0,0.0,1.0,0.0,0.069993,0.0,0,0,0,0,0,0,0,0,0,0,0,0,0,0,0,9847.84668,9793.074219,10081.365234,33984.273438,40000.0,40000.0,40000.0,40000.0,40000.0,2671.148438,2034.820068,1753.388672,1633.855225,2192.019043,40000.0,40000.0,40000.0,40000.0,40000.0,40000.0,40000.0,40000.0,33984.273438,22884.820312,5000.0,78709.331178,11187.92141,65418.445061,0,true,true,1.0,-325.513369,0,0.0,0.0,0.0
10,2564,11.5,3253.091584,-36292.231904,1761.33088,-31596.975519,23107.206729,-1809.529285,-1535.36573,-2899.732283,3.939566,-35.211063,-143.534286,0.0,0.0,1.0,0.0,0.139986,0.0,0,0,0,0,0,0,0,0,0,0,0,0,0,0,0,9581.935547,9503.852539,9750.584961,24248.109375,34500.753906,40000.0,40000.0,40000.0,40000.0,2936.341064,2180.597168,1860.485962,1779.833374,2325.691162,40000.0,40000.0,40000.0,40000.0,40000.0,40000.0,40000.0,40000.0,34500.753906,22302.1875,5000.0,79449.959282,11895.961436,64194.380871,0,true,true,1.0,-325.503369,0,0.0,0.0,0.0
10,2565,11.55,3352.596098,70739.635806,1844.947649,67552.02787,23261.341952,-1884.137579,-1574.185159,-2861.689477,4.279357,-34.289509,-144.128693,0.0,0.0,1.0,0.0,0.139986,-0.069993,0,0,0,0,0,0,0,0,0,0,0,0,0,0,0,9325.338867,9231.942383,9438.523438,23799.269531,35036.460938,40000.0,40000.0,40000.0,40000.0,40000.0,2376.531982,2020.026733,1921.658203,2454.858398,40000.0,40000.0,40000.0,40000.0,40000.0,40000.0,40000.0,40000.0,35036.460938,21748.115234,5000.0,80118.604007,12652.661127,63015.301517,0,true,true,1.0,-325.493369,0,0.0,0.0,0.0
10,2566,11.6,3452.59425,-36392.230056,1927.696005,-31679.723874,23408.533122,-1952.61011,-1606.455094,-2821.022842,4.646611,-33.324501,-144.78656,0.0,0.0,1.0,0.0,0.139986,-0.069993,0,0,0,0,0,0,0,0,0,0,0,0,0,0,0,9154.224609,8964.694336,9130.348633,23354.439453,35661.039062,40000.0,40000.0,40000.0,40000.0,40000.0,2573.460938,2178.179932,2060.678223,2579.91626,40000.0,40000.0,40000.0,40000.0,40000.0,40000.0,40000.0,40000.0,35661.039062,21187.296875,5000.0,80788.943541,13508.986383,61773.741757,0,true,true,1.0,-325.483369,0,0.0,0.0,0.0
10,2567,11.65,3538.110977,70654.11908,1997.436492,67482.287382,23528.853724,-2004.670897,-1627.691265,-2782.772235,4.916415,-32.582809,-145.280746,0.0,0.0,1.0,0.0,0.139986,-0.069993,0,0,0,0,0,0,0,0,0,0,0,0,0,0,0,9024.020508,8753.74707,8888.123047,23014.738281,36156.910156,40000.0,40000.0,40000.0,40000.0,40000.0,2628.333496,2312.790771,2178.993652,2687.172119,40000.0,40000.0,40000.0,40000.0,40000.0,40000.0,40000.0,40000.0,35541.773438,20769.011719,5000.0,81270.141679,14168.253011,60817.858866,0,true,true,1.0,-325.473369,0,0.0,0.0,0.0
10,2568,11.7,3653.551614,-36507.670693,2090.142072,-31772.429454,23683.979674,-2075.94098,-1656.138673,-2735.979305,5.264733,-31.5688,-145.934082,0.0,0.0,1.0,0.0,0.209979,-0.139986,0,0,0,0,0,0,0,0,0,0,0,0,0,0,0,8849.949219,8478.086914,8704.500977,23066.890625,36896.289062,40000.0,40000.0,40000.0,40000.0,40000.0,2343.755371,2407.30835,2335.504883,2828.38623,40000.0,40000.0,40000.0,40000.0,40000.0,40000.0,40000.0,40000.0,34938.5625,20229.152344,5000.0,81907.976233,15064.245452,59501.712538,0,true,true,1.0,-325.463369,0,0.0,0.0,0.0
10,2569,11.75,3747.733096,70559.937598,2164.568746,67407.860709,23804.860837,-2129.059619,-1674.552463,-2696.097283,5.514904,-30.787422,-146.415283,0.0,0.0,1.0,0.0,0.139986,-0.069993,0,0,0,0,0,0,0,0,0,0,0,0,0,0,0,8710.182617,8265.892578,8552.696289,9444.994141,37501.179688,40000.0,40000.0,40000.0,40000.0,40000.0,2507.503418,2128.062744,2461.740234,2942.621094,40000.0,40000.0,40000.0,40000.0,40000.0,40000.0,40000.0,40000.0,37156.621094,19831.513672,5000.0,82374.225704,15742.766144,58482.566478,0,true,true,1.0,-325.453369,0,0.0,0.0,0.0
10,2570,11.8,3866.581019,-36626.518616,2257.014851,-31864.875559,23950.804476,-2196.7664,-1697.562614,-2649.312531,5.828396,-29.734924,-147.034515,0.0,0.0,1.0,0.0,0.139986,0.0,0,0,0,0,0,0,0,0,0,0,0,0,0,0,0,8537.240234,8001.972168,8363.953125,9077.040039,38406.5625,40000.0,40000.0,40000.0,40000.0,40000.0,2707.719971,2291.53418,2616.89502,3081.744385,40000.0,40000.0,40000.0,40000.0,40000.0,40000.0,40000.0,40000.0,38406.5625,19584.230469,5000.0,82994.296597,16642.544805,57096.757915,0,true,true,1.0,-325.443369,0,0.0,0.0,0.0
10,2571,11.85,3991.990863,70434.527753,2352.736039,67312.13952,24097.424362,-2239.98389,-1699.551237,-2581.504662,6.042329,-28.928148,-147.469009,0.0,0.0,1.0,0.0,0.349965,0.0,0,0,0,0,0,0,0,0,0,0,0,0,0,0,0,8349.477539,7758.400879,8099.708984,8753.155273,39078.125,40000.0,40000.0,40000.0,40000.0,40000.0,5032.983887,2483.727783,2783.520508,3235.17334,40000.0,40000.0,40000.0,40000.0,40000.0,40000.0,40000.0,40000.0,39078.125,19369.421875,5000.0,83402.674452,17291.879641,56037.92057,0,true,true,1.0,-325.433369,0,0.0,0.0,0.0
10,2572,11.9,4086.224335,-36720.752088,2423.611325,-31935.750845,24203.112623,-2312.415572,-1731.664975,-2562.826643,6.236815,-28.087976,-147.874283,0.0,0.0,1.0,0.0,0.209979,0.0,0,0,0,0,0,0,0,0,0,0,0,0,0,0,0,8207.924805,7563.242676,7880.881348,8491.354492,39923.148438,40000.0,40000.0,40000.0,40000.0,40000.0,40000.0,2622.885254,2901.581787,3341.012207,40000.0,40000.0,40000.0,40000.0,40000.0,40000.0,40000.0,40000.0,39923.148438,19206.410156,5000.0,83884.434672,17925.583468,54909.887041,0,true,true,1.0,-325.423369,0,0.0,0.0,0.0
10,2573,11.95,4216.768103,70303.983985,2520.28514,67215.465705,24343.624101,-2370.720119,-1743.994179,-2507.910268,6.467096,-26.935637,-148.369675,0.0,0.0,1.0,0.0,0.279972,0.0,0,0,0,0,0,0,0,0,0,0,0,0,0,0,0,8008.862305,7303.245605,7592.3125,8149.500488,40000.0,40000.0,40000.0,40000.0,40000.0,40000.0,40000.0,2780.63623,3062.376465,3485.550049,40000.0,40000.0,40000.0,40000.0,40000.0,40000.0,40000.0,40000.0,40000.0,18968.650391,5000.0,84531.477167,18734.842532,53346.605768,0,true,true,1.0,-325.413369,0,0.0,0.0,0.0
10,2574,12.0,4319.955087,-36823.939072,2595.502822,-32010.968527,24450.132212,-2418.970012,-1755.318622,-2467.053638,6.619904,-26.057772,-148.70993,0.0,0.0,1.0,0.0,0.139986,0.0,0,0,0,0,0,0,0,0,0,0,0,0,0,0,0,7850.746094,7107.019043,7376.48584,7896.29248,40000.0,40000.0,40000.0,40000.0,40000.0,40000.0,40000.0,2950.576904,3187.967285,3598.965332,40000.0,40000.0,40000.0,40000.0,40000.0,40000.0,40000.0,40000.0,40000.0,18774.865234,5000.0,85007.328076,19314.904636,52145.023756,0,true,true,1.0,-325.403369,0,0.0,0.0,0.0
10,2575,12.05,4426.288705,70197.650367,2671.961057,67139.00747,24555.939442,-2468.391788,-1766.916032,-2425.78363,6.757927,-25.206762,-149.026871,0.0,0.0,1.0,0.0,0.0,0.0,0,0,0,0,0,0,0,0,0,0,0,0,0,0,0,7690.476074,6913.725098,7165.240234,7649.887695,40000.0,40000.0,40000.0,40000.0,40000.0,40000.0,40000.0,3101.950195,3316.901367,3715.894287,40000.0,40000.0,40000.0,40000.0,40000.0,40000.0,40000.0,40000.0,40000.0,18577.939453,5000.0,85443.570267,19868.764864,50975.028284,0,true,true,1.0,-325.393369,0,0.0,0.0,0.0
10,2576,12.1,4566.833518,-36964.483884,2771.477246,-32110.484716,24690.033727,-2528.745627,-1779.068439,-2370.032859,6.905237,-24.232998,-149.376999,0.0,0.0,1.0,0.0,0.0,0.0,0,0,0,0,0,0,0,0,0,0,0,0,0,0,0,7482.583496,6674.092285,6905.559082,7349.270508,40000.0,40000.0,40000.0,40000.0,40000.0,40000.0,40000.0,3301.926025,3362.74585,3872.781982,40000.0,40000.0,40000.0,40000.0,40000.0,40000.0,40000.0,40000.0,40000.0,20534.53125,5000.0,85895.186574,20493.988999,49634.277645,0,true,true,1.0,-325.383369,0,0.0,0.0,0.0
10,2577,12.15,4707.835135,70056.648749,2869.659792,67040.824924,24818.458933,-2585.319911,-1789.306306,-2314.868935,7.020987,-23.475889,-149.661911,0.0,0.0,1.0,0.0,0.0,0.0,0,0,0,0,0,0,0,0,0,0,0,0,0,0,0,7281.309082,6451.426758,6666.281738,7074.178711,40000.0,40000.0,40000.0,40000.0,40000.0,40000.0,40000.0,3504.142334,3409.987061,4025.5271,40000.0,40000.0,40000.0,40000.0,40000.0,40000.0,40000.0,40000.0,40000.0,20291.767578,5000.0,86176.832498,21000.940376,48599.62208,0,true,true,1.0,-325.373369,0,0.0,0.0,0.0
10,2578,12.2,4823.054527,-37079.703277,2948.730575,-32189.555499,24919.229123,-2628.905849,-1796.65555,-2271.234547,7.08604,-23.043112,-149.826035,0.0,0.0,1.0,0.0,0.069993,0.0,0,0,0,0,0,0,0,0,0,0,0,0,0,0,0,7118.658691,6281.73291,6485.992676,6868.845703,40000.0,40000.0,40000.0,40000.0,40000.0,40000.0,40000.0,3670.596924,3350.863525,4147.715332,40000.0,40000.0,40000.0,40000.0,40000.0,40000.0,40000.0,40000.0,40000.0,20093.324219,5000.0,86280.683396,21291.130724,48017.184014,0,true,true,1.0,-325.363369,0,0.0,0.0,0.0
10,2579,12.25,4967.968228,69911.735048,3046.848573,66942.706926,25041.112848,-2678.994956,-1804.003552,-2218.265594,7.152664,-22.579317,-149.99733,0.0,0.0,1.0,0.0,0.069993,0.0,0,0,0,0,0,0,0,0,0,0,0,0,0,0,0,6915.528809,6074.937012,6267.488281,6621.225098,40000.0,40000.0,40000.0,40000.0,40000.0,40000.0,40000.0,3868.918945,3512.03125,4300.007324,40000.0,40000.0,40000.0,40000.0,40000.0,40000.0,40000.0,40000.0,40000.0,19842.892578,5000.0,86359.250603,21595.930046,47396.200995,0,true,true,1.0,-325.353369,0,0.0,0.0,0.0
10,2580,12.3,5086.917912,-37198.652961,3126.342871,-32269.049796,25137.464004,-2714.451276,-1807.351205,-2175.573114,7.19285,-22.275696,-150.102356,0.0,0.0,1.0,0.0,0.139986,0.0,0,0,0,0,0,0,0,0,0,0,0,0,0,0,0,6749.139648,5910.595703,6094.911621,6426.833008,40000.0,40000.0,40000.0,40000.0,40000.0,40000.0,40000.0,4054.810547,3646.872559,4457.308594,40000.0,40000.0,40000.0,40000.0,40000.0,40000.0,40000.0,40000.0,40000.0,19634.054688,5000.0,86377.875539,21784.433023,46993.558265,0,true,true,1.0,-325.343369,0,0.0,0.0,0.0
10,2581,12.35,5246.543221,69752.10974,3231.690258,66837.359539,25262.004972,-2763.072306,-1814.160642,-2123.418255,7.238491,-21.856989,-150.223419,0.0,0.0,1.0,0.0,0.069993,0.0,0,0,0,0,0,0,0,0,0,0,0,0,0,0,0,6524.993652,5691.950195,5866.160645,6186.188477,40000.0,40000.0,40000.0,40000.0,40000.0,40000.0,40000.0,4837.967285,3827.289795,4683.008301,40000.0,40000.0,40000.0,40000.0,40000.0,40000.0,40000.0,40000.0,40000.0,17125.517578,5000.0,86418.710458,22014.106559,46430.346197,0,true,true,1.0,-325.333369,0,0.0,0.0,0.0
10,2582,12.4,5368.765058,-37320.874798,3311.405595,-32348.765134,25353.984903,-2804.409346,-1823.192574,-2088.195806,7.266135,-21.544817,-150.297928,0.0,0.0,1.0,0.0,0.069993,0.0,0,0,0,0,0,0,0,0,0,0,0,0,0,0,0,6353.088867,5526.634277,5693.801758,6077.686523,7265.279297,40000.0,40000.0,40000.0,40000.0,40000.0,40000.0,4987.030762,3965.697754,4856.544434,40000.0,40000.0,40000.0,40000.0,40000.0,40000.0,40000.0,40000.0,40000.0,16902.722656,5000.0,86450.445252,22164.558694,46006.661022,0,true,true,1.0,-325.323369,0,0.0,0.0,0.0
10,2583,12.45,5527.108869,69593.765929,3413.581544,66735.183589,25469.158872,-2847.074025,-1829.189124,-2041.429616,7.290871,-21.101374,-150.36554,0.0,0.0,1.0,0.0,0.349965,0.069993,0,0,0,0,0,0,0,0,0,0,0,0,0,0,0,6127.146484,5313.186523,5472.164062,5929.48877,6961.961426,40000.0,40000.0,40000.0,40000.0,40000.0,40000.0,5303.614746,4144.401855,5482.07959,40000.0,40000.0,40000.0,40000.0,40000.0,40000.0,40000.0,40000.0,40000.0,16598.859375,5000.0,86531.689374,22328.317263,45391.99316,0,true,true,1.0,-325.313369,0,0.0,0.0,0.0
10,2584,12.5,5646.060386,-37439.826316,3489.588094,-32424.771683,25552.931326,-2876.626088,-1833.186548,-2007.319214,7.28827,-20.671329,-150.357986,0.0,0.0,1.0,0.0,0.645782,0.198702,0,0,0,0,0,0,0,0,0,0,0,0,0,0,0,5947.499512,5151.036133,5305.339355,5815.174316,6739.053223,40000.0,40000.0,40000.0,40000.0,40000.0,40000.0,5381.550293,4278.263184,5613.741211,40000.0,40000.0,40000.0,40000.0,40000.0,40000.0,40000.0,40000.0,40000.0,16339.082031,5000.0,86687.895018,22389.408882,44772.723376,0,true,true,1.0,-325.303369,0,0.0,0.0,0.0
10,2585,12.55,5811.371307,69428.455009,3584.455621,66640.316062,25662.352438,-2960.328019,-1592.824645,-1898.187334,7.223988,-19.802027,-150.172012,0.0,-1.0,1.0,0.0,0.861472,0.354724,0,0,0,0,0,0,0,0,0,0,0,0,0,0,0,5685.975586,4927.14502,5079.160156,5632.723145,6451.291016,40000.0,40000.0,40000.0,40000.0,40000.0,40000.0,5567.585938,4466.505859,5777.881836,40000.0,40000.0,40000.0,40000.0,40000.0,40000.0,40000.0,40000.0,40000.0,15904.578125,5000.0,87176.906346,22288.319563,43467.2807,0,true,true,1.0,-325.293369,0,0.0,0.0,0.0
10,2586,12.6,5934.766527,-37563.221536,3645.531115,-32485.847177,25738.355807,-3020.77751,-1432.960256,-1822.941652,7.116565,-18.869417,-149.848892,0.0,-1.0,1.0,0.0,1.167635,0.518949,0,0,0,0,0,0,0,0,0,0,0,0,0,0,0,5479.086426,4761.47168,4915.766113,5465.301758,6257.785156,40000.0,40000.0,40000.0,40000.0,40000.0,40000.0,5676.805664,4610.633789,5882.817871,40000.0,40000.0,40000.0,40000.0,40000.0,40000.0,40000.0,40000.0,40000.0,15508.216797,5000.0,87812.763704,22009.871485,42023.056172,0,true,true,1.0,-325.283369,0,0.0,0.0,0.0
10,2587,12.65,6106.792496,69256.42904,3718.726301,66567.120876,25837.083611,-3091.383583,-1229.86152,-1720.92312,6.886073,-17.140636,-149.108627,0.0,-1.0,1.0,0.0,1.962694,0.765929,0,0,0,0,0,0,0,0,0,0,0,0,0,0,0,5175.741211,4534.26123,4697.434082,5243.438477,6020.74707,40000.0,40000.0,40000.0,40000.0,40000.0,40000.0,5788.183105,5067.988281,5993.617188,40000.0,40000.0,40000.0,40000.0,40000.0,40000.0,40000.0,40000.0,40000.0,15026.661133,5000.0,89068.739796,21277.276149,39280.43267,0,true,true,1.0,-325.273369,0,0.0,0.0,0.0
10,2588,12.7,6281.775818,-37738.204858,3781.046987,-32548.167864,25929.639166,-3164.110347,-1052.463857,-1622.221012,6.574843,-14.718507,-147.990158,0.0,-1.0,1.0,0.0,1.910727,0.703952,0,0,0,0,0,0,0,0,0,0,0,0,0,0,0,4852.922852,4308.520508,4487.052246,5039.224609,5819.40625,40000.0,40000.0,40000.0,40000.0,40000.0,40000.0,5832.217285,5313.729492,40000.0,40000.0,40000.0,40000.0,40000.0,40000.0,40000.0,40000.0,40000.0,40000.0,14882.114258,5000.0,90800.501017,20081.979779,35348.080356,0,true,true,1.0,-325.263369,0,0.0,0.0,0.0
10,2589,12.75,6416.804482,69121.400376,3822.039236,66526.128628,25996.00358,-3212.868478,-931.298177,-1545.699976,6.317978,-12.433686,-146.918869,0.0,-1.0,1.0,0.0,1.796848,0.679889,0,0,0,0,0,0,0,0,0,0,0,0,0,0,0,4608.062988,4143.058594,4336.606934,4899.350586,5692.763184,40000.0,40000.0,40000.0,40000.0,40000.0,40000.0,5885.571777,5371.371582,40000.0,40000.0,40000.0,40000.0,40000.0,40000.0,40000.0,40000.0,40000.0,40000.0,14811.007812,5000.0,92311.705137,18875.352273,31567.65698,0,true,true,1.0,-325.253369,0,0.0,0.0,0.0
10,2590,12.8,6594.677374,-37916.07775,3868.200117,-32594.328746,26077.017093,-3280.24288,-795.499702,-1444.47426,5.997082,-8.889585,-145.238205,0.0,-1.0,1.0,0.0,1.401466,0.700733,0,0,0,0,0,0,0,0,0,0,0,0,0,0,0,4300.662109,3942.241699,4159.560059,4744.444824,5571.780762,40000.0,40000.0,40000.0,40000.0,40000.0,40000.0,5408.211426,5463.964844,40000.0,40000.0,40000.0,40000.0,40000.0,40000.0,40000.0,40000.0,40000.0,40000.0,15562.286133,5000.0,94366.710465,16878.662653,25587.556274,0,true,true,1.0,-325.243369,0,0.0,0.0,0.0
10,2591,12.85,6737.495352,68978.582398,3899.766974,66494.561772,26136.911851,-3323.771381,-701.154449,-1359.641349,5.796871,-5.919351,-143.763062,0.0,-1.0,1.0,0.0,1.492926,0.933079,0,0,0,0,0,0,0,0,0,0,0,0,0,0,0,4082.028076,3800.682861,4038.786865,4646.559082,5512.049805,40000.0,40000.0,40000.0,40000.0,40000.0,40000.0,5444.67627,5965.096191,40000.0,40000.0,40000.0,40000.0,40000.0,40000.0,40000.0,40000.0,40000.0,17968.666016,16481.183594,5000.0,95794.20284,15026.223615,20478.967133,0,true,true,1.0,-325.233369,0,0.0,0.0,0.0
10,2592,12.9,6917.108977,-38095.691375,3933.493594,-32628.055365,26205.803028,-3385.260358,-602.19525,-1251.665981,5.638968,-2.475504,-141.82309,0.0,-1.0,1.0,0.0,1.62509,1.450973,0,0,0,0,0,0,0,0,0,0,0,0,0,0,0,3846.920654,3647.570068,3912.985352,4554.850586,5480.73584,40000.0,40000.0,40000.0,40000.0,40000.0,40000.0,5514.879883,6052.730957,40000.0,40000.0,40000.0,40000.0,40000.0,40000.0,40000.0,40000.0,40000.0,17518.681641,16715.714844,5000.0,97108.948793,12441.99213,14444.879727,0,true,true,1.0,-325.223369,0,0.0,0.0,0.0
10,2593,12.95,7112.643132,68783.048244,3964.843879,66463.211487,26272.962312,-3440.93026,-519.163499,-1127.733566,5.610726,2.428338,-138.777069,0.0,-1.0,1.0,0.0,0.966739,0.966739,0,0,0,0,0,0,0,0,0,0,0,0,0,0,0,3585.204346,3516.406494,3830.228027,4545.746094,5615.534668,40000.0,40000.0,40000.0,40000.0,40000.0,40000.0,5551.42041,6621.999023,40000.0,40000.0,40000.0,40000.0,40000.0,40000.0,40000.0,40000.0,40000.0,17079.888672,17172.910156,5000.0,98308.029205,8185.304288,5679.507677,0,true,true,1.0,-325.213369,0,0.0,0.0,0.0
10,2594,13.0,7264.898551,-38247.946795,3986.208429,-32649.419915,26319.488886,-3476.877322,-471.224606,-1025.248803,5.768829,6.139094,-136.352844,0.0,-1.0,1.0,0.0,0.349965,0.349965,0,0,0,0,0,0,0,0,0,0,0,0,0,0,0,3422.804932,3439.126221,3793.273193,4576.402832,5788.258789,40000.0,40000.0,40000.0,40000.0,40000.0,7924.112305,6129.789062,40000.0,40000.0,40000.0,40000.0,40000.0,40000.0,40000.0,40000.0,40000.0,40000.0,16046.707031,17147.115234,5000.0,98575.444649,4763.771375,-1017.287471,0,true,true,1.0,-325.203369,0,0.0,0.0,0.0
10,2595,13.05,7419.24361,68628.703185,4005.914111,66443.505805,26361.456484,-3513.576883,-436.304982,-916.898903,6.06931,9.637619,-134.011093,0.0,-1.0,1.0,0.0,0.0,0.0,0,0,0,0,0,0,0,0,0,0,0,0,0,0,0,3294.047852,3376.026367,3770.436035,4626.119629,6000.827637,40000.0,40000.0,40000.0,40000.0,40000.0,6897.744141,6216.760254,40000.0,40000.0,40000.0,40000.0,40000.0,40000.0,40000.0,40000.0,40000.0,40000.0,13157.601562,17208.742188,5000.0,98294.065319,1504.359873,-7341.932207,0,true,true,1.0,-325.193369,0,0.0,0.0,0.0
10,2596,13.1,7620.078228,-38448.781413,4029.530493,-32673.036298,26408.244547,-3563.784414,-407.025651,-771.119459,6.531796,13.160823,-131.590393,0.0,-1.0,1.0,0.0,0.0,0.069993,0,0,0,0,0,0,0,0,0,0,0,0,0,0,0,3175.254639,3291.8125,3725.820312,4657.315918,6215.44043,40000.0,40000.0,40000.0,40000.0,40000.0,6528.57373,6898.007324,40000.0,40000.0,40000.0,40000.0,40000.0,40000.0,40000.0,40000.0,40000.0,40000.0,13530.234375,17900.037109,5000.0,97457.809151,-1747.32952,-13680.794263,0,true,true,1.0,-325.183369,0,0.0,0.0,0.0
10,2597,13.15,7770.272258,68478.509155,4046.176345,66426.859953,26437.53572,-3586.860289,-392.275539,-661.178175,6.948756,15.523543,-129.867294,0.0,-1.0,1.0,0.0,0.139986,0.349965,0,0,0,0,0,0,0,0,0,0,0,0,0,0,0,3102.061523,3231.953857,3694.306641,4683.45752,6392.200684,40000.0,40000.0,40000.0,40000.0,40000.0,7096.216797,7420.40918,40000.0,40000.0,40000.0,40000.0,40000.0,40000.0,40000.0,40000.0,40000.0,18043.585938,13837.585938,40000.0,5000.0,96587.521374,-3992.854141,-17918.512393,0,true,true,1.0,-325.173369,0,0.0,0.0,0.0
10,2598,13.2,7977.292368,-38655.801523,4068.288644,-32695.148597,26470.049614,-3613.462374,-381.903883,-508.64785,7.651089,18.58569,-127.42807,0.0,-1.0,1.0,0.0,0.652238,0.711532,0,0,0,0,0,0,0,0,0,0,0,0,0,0,0,3013.899658,3156.244385,3660.392334,4740.682617,6708.206055,40000.0,40000.0,40000.0,40000.0,40000.0,7265.228027,7734.31543,40000.0,40000.0,40000.0,40000.0,40000.0,40000.0,40000.0,40000.0,40000.0,17397.533203,16075.637695,40000.0,5000.0,95068.476541,-7080.007137,-23401.819993,0,true,true,1.0,-325.163369,0,0.0,0.0,0.0
10,2599,13.25,8143.555314,68312.246209,4085.749173,66409.399423,26489.646643,-3630.385399,-380.84328,-385.493118,8.334228,20.915272,-125.372505,0.0,-1.0,1.0,0.0,0.593796,0.653176,0,0,0,0,0,0,0,0,0,0,0,0,0,0,0,2951.271729,3100.966797,3642.480469,4810.306152,7052.757324,40000.0,40000.0,40000.0,40000.0,40000.0,7422.978516,40000.0,40000.0,40000.0,40000.0,40000.0,40000.0,40000.0,40000.0,40000.0,40000.0,17300.046875,16665.099609,6592.158691,5000.0,93591.326749,-9592.54794,-27568.501302,0,true,true,1.0,-325.153369,0,0.0,0.0,0.0
10,2600,13.3,8345.05709,-38857.3033,4107.046642,-32716.446065,26505.755086,-3646.270123,-388.343796,-234.256163,9.447221,23.995625,-122.41716,0.0,-1.0,1.0,0.0,0.289308,0.361635,0,0,0,0,0,0,0,0,0,0,0,0,0,0,0,2884.243164,3057.958984,3662.315186,4988.077637,40000.0,40000.0,40000.0,40000.0,40000.0,40000.0,7638.859375,40000.0,40000.0,40000.0,40000.0,40000.0,40000.0,40000.0,40000.0,40000.0,40000.0,16969.330078,17505.230469,3416.871582,5000.0,91203.743879,-13043.754569,-33067.255489,0,true,true,1.0,-325.143369,0,0.0,0.0,0.0
10,2601,13.35,8500.462972,68156.840328,4123.007782,66393.438284,26512.730798,-3640.667921,-336.683922,-139.360608,10.416781,26.218628,-120.103706,0.0,-1.0,0.0,0.0,0.139986,0.279972,0,0,0,0,0,0,0,0,0,0,0,0,0,0,0,2842.005859,3028.616699,3686.408447,5158.214355,40000.0,40000.0,40000.0,40000.0,40000.0,8775.759766,8391.969727,40000.0,40000.0,40000.0,40000.0,40000.0,40000.0,40000.0,40000.0,40000.0,40000.0,13867.822266,17715.890625,3320.894531,5000.0,89141.181565,-15581.539368,-37012.29747,0,true,true,1.0,-325.133369,0,0.0,0.0,0.0
10,2602,13.4,8710.608499,-39067.448827,4134.450067,-32727.88835,26518.327476,-3618.692011,-118.021218,-69.84628,11.93259,29.023071,-116.802345,0.0,-1.0,0.0,0.0,0.253389,0.950207,0,0,0,0,0,0,0,0,0,0,0,0,0,0,0,2805.49707,3005.99707,3751.170166,5484.630859,40000.0,40000.0,40000.0,40000.0,40000.0,8927.364258,10261.321289,40000.0,40000.0,40000.0,40000.0,40000.0,40000.0,40000.0,40000.0,40000.0,40000.0,13577.766602,18081.359375,3213.584229,5000.0,86055.861823,-18985.632378,-41991.804176,0,true,true,1.0,-325.123369,0,0.0,0.0,0.0
10,2603,13.45,8865.978926,68001.469901,4135.36737,66392.52098,26519.871844,-3604.173037,25.024476,-18.389711,13.376637,30.981529,-113.888649,0.0,-1.0,0.0,0.0,0.409996,2.049979,0,0,0,0,0,0,0,0,0,0,0,0,0,0,0,2789.343994,3016.53125,3856.381836,5751.98291,40000.0,40000.0,40000.0,40000.0,40000.0,9039.148438,40000.0,40000.0,40000.0,40000.0,40000.0,40000.0,40000.0,40000.0,40000.0,40000.0,18367.871094,14232.288086,19368.619141,3142.524658,5000.0,83390.564165,-21873.959433,-45565.48656,0,true,true,1.0,-325.113369,0,0.0,0.0,0.0
10,2604,13.5,9073.014848,-39274.48475,4127.863207,-32720.384187,26518.353811,-3594.377924,189.637356,54.058048,16.022921,33.271439,-108.877617,0.0,-1.0,0.0,0.0,0.262879,2.760224,0,0,0,0,0,0,0,0,0,0,0,0,0,0,0,2775.076416,3092.733643,4146.748535,6186.785645,40000.0,40000.0,40000.0,40000.0,40000.0,9689.063477,40000.0,40000.0,40000.0,40000.0,40000.0,40000.0,40000.0,40000.0,40000.0,40000.0,18141.634766,17636.490234,40000.0,3043.678711,5000.0,79087.032924,-26710.263138,-50141.072494,0,true,true,1.0,-325.103369,0,0.0,0.0,0.0
10,2605,13.55,9227.191306,67847.293443,4116.747587,66403.6366,26514.388984,-3591.962044,291.440861,112.2022,18.617018,34.58131,-104.193153,0.0,-1.0,0.0,0.0,0.0,1.806497,0,0,0,0,0,0,0,0,0,0,0,0,0,0,0,2770.136475,3215.906738,4551.538574,7516.095703,40000.0,40000.0,40000.0,40000.0,10152.636719,10894.516602,40000.0,40000.0,40000.0,40000.0,40000.0,40000.0,40000.0,40000.0,40000.0,40000.0,14271.952148,18529.857422,40000.0,2967.4375,5000.0,75208.479962,-31063.374056,-53312.701093,0,true,true,1.0,-325.093369,0,0.0,0.0,0.0
10,2606,13.6,9427.200946,-39474.49439,4096.767255,-32700.403856,26505.280172,-3598.168211,395.755282,196.585702,22.461721,35.737965,-97.471214,0.0,-1.0,0.0,0.0,-0.068515,0.548119,0,0,0,0,0,0,0,0,0,0,0,0,0,0,0,2782.278076,3475.031006,5453.29248,40000.0,40000.0,40000.0,40000.0,40000.0,10511.254883,40000.0,40000.0,40000.0,40000.0,40000.0,40000.0,40000.0,40000.0,40000.0,40000.0,18605.107422,14466.556641,20007.976562,6167.086426,2886.061523,5000.0,69475.106095,-36894.506645,-57025.045495,0,true,true,1.0,-325.083369,0,0.0,0.0,0.0
10,2607,13.65,9624.325355,67650.169035,4079.907332,66420.496524,26487.570393,-3526.411266,248.534821,392.225233,26.430254,36.357822,-90.683662,0.0,-1.0,1.0,0.0,0.363371,0.726743,0,0,0,0,0,0,0,0,0,0,0,0,0,0,0,2812.291016,3856.526611,6645.59082,40000.0,40000.0,40000.0,40000.0,11587.328125,40000.0,40000.0,40000.0,40000.0,40000.0,40000.0,40000.0,40000.0,40000.0,40000.0,40000.0,17486.300781,18446.351562,40000.0,4052.548828,2826.904053,5000.0,63290.081852,-42231.638945,-60223.91385,0,true,true,1.0,-325.073369,0,0.0,0.0,0.0
10,2608,13.7,9767.373403,-39617.542438,4074.246016,-32694.742541,26467.43076,-3356.08421,63.712799,523.655136,29.508945,36.589516,-85.467949,0.0,0.0,1.0,0.0,0.91414,0.848844,0,0,0,0,0,0,0,0,0,0,0,0,0,0,0,2880.197998,4296.159668,7997.212891,40000.0,40000.0,40000.0,40000.0,10594.318359,40000.0,40000.0,40000.0,40000.0,40000.0,40000.0,40000.0,40000.0,40000.0,40000.0,40000.0,13426.987305,18581.619141,40000.0,3373.034668,2793.358643,5000.0,58193.489877,-45932.92761,-62461.752339,0,true,true,1.0,-325.063369,0,0.0,0.0,0.0
10,2609,13.75,9910.448269,67507.094169,4078.015107,66416.727434,26440.212579,-3109.377071,-155.811963,648.636436,32.745781,36.696724,-80.003555,0.0,0.0,1.0,0.0,1.02654,0.845386,0,0,0,0,0,0,0,0,0,0,0,0,0,0,0,3033.834961,5003.03125,40000.0,40000.0,40000.0,40000.0,40000.0,11539.418945,40000.0,40000.0,40000.0,40000.0,40000.0,40000.0,40000.0,40000.0,40000.0,40000.0,18052.742188,16587.755859,40000.0,6037.181152,2951.602783,2767.455566,5000.0,52494.169445,-49397.231602,-64671.106226,0,true,true,1.0,-325.053369,0,0.0,0.0,0.0
10,2610,13.8,10071.974164,-39779.068333,4095.268684,-32711.996117,26399.210514,-2804.600066,-401.97235,795.097166,37.162926,36.553665,-72.545242,0.0,0.0,1.0,0.0,0.18414,0.36828,0,0,0,0,0,0,0,0,0,0,0,0,0,0,0,3404.23877,6839.859375,40000.0,40000.0,40000.0,40000.0,11727.12793,40000.0,40000.0,40000.0,40000.0,40000.0,40000.0,40000.0,40000.0,40000.0,40000.0,40000.0,13524.776367,18105.042969,40000.0,4657.428711,2727.068848,2752.390381,5000.0,44186.162181,-53491.720128,-67379.968327,0,true,true,1.0,-325.043369,0,0.0,0.0,0.0
10,2611,13.85,10223.969408,67355.098925,4123.850416,66388.145701,26350.605824,-2390.781731,-464.979653,774.152987,40.985626,36.051903,-66.046036,0.0,0.0,0.0,0.0,-0.139986,0.0,0,0,0,0,0,0,0,0,0,0,0,0,0,0,0,3896.762451,9356.050781,40000.0,40000.0,40000.0,40000.0,11556.438477,40000.0,40000.0,40000.0,40000.0,40000.0,40000.0,40000.0,40000.0,40000.0,40000.0,17599.744141,13597.140625,19133.658203,6840.62793,3655.436035,2639.369385,2745.43457,5000.0,36495.450511,-56458.842383,-69351.521094,0,true,true,1.0,-325.033369,0,0.0,0.0,0.0
10,2612,13.9,10300.532261,-39855.631186,4138.741013,-32726.886715,26325.876497,-2155.4178,-419.204065,699.613613,42.6106,35.658764,-63.254715,0.0,0.0,0.0,0.0,-0.452848,-0.129385,0,0,0,0,0,0,0,0,0,0,0,0,0,0,0,4178.874512,40000.0,40000.0,40000.0,40000.0,40000.0,40000.0,40000.0,40000.0,40000.0,40000.0,40000.0,40000.0,40000.0,40000.0,40000.0,40000.0,17205.503906,16280.275391,40000.0,5717.115723,3394.515625,2601.873047,2742.470459,5000.0,33079.254344,-57577.247479,-70052.0158,0,true,true,1.0,-325.023369,0,0.0,0.0,0.0
10,2613,13.95,10410.127925,67245.503261,4160.056114,66366.830601,26290.395248,-1812.459214,-352.50255,586.49293,45.498207,34.657688,-58.213959,0.0,0.0,0.0,0.0,-0.504077,-0.302446,0,0,0,0,0,0,0,0,0,0,0,0,0,0,0,5108.604004,40000.0,40000.0,40000.0,40000.0,11282.02832,40000.0,40000.0,40000.0,40000.0,40000.0,40000.0,40000.0,40000.0,40000.0,40000.0,40000.0,15436.194336,17242.416016,40000.0,5388.164551,3000.601807,2552.664795,2757.60498,5000.0,26707.193266,-59395.914607,-71117.187668,0,true,true,1.0,-325.013369,0,0.0,0.0,0.0
10,2614,14.0,10495.786712,-39941.289973,4176.715767,-32743.546367,26262.711732,-1546.801057,-300.835082,499.58565,47.942802,33.47049,-53.828461,0.0,0.0,0.0,0.0,-0.465818,-0.232909,0,0,0,0,0,0,0,0,0,0,0,0,0,0,0,6755.602051,40000.0,40000.0,40000.0,40000.0,11424.167969,40000.0,40000.0,40000.0,40000.0,40000.0,40000.0,40000.0,40000.0,40000.0,40000.0,17212.580078,12211.323242,17120.880859,40000.0,4542.532715,2734.88208,2521.684082,2786.106689,5000.0,20917.196491,-60720.696067,-71835.4606,0,true,true,1.0,-325.003369,0,0.0,0.0,0.0
10,2615,14.05,10569.663662,67171.626311,4199.569263,66343.977104,26231.066284,-1257.949727,-491.904153,634.244928,49.985531,32.174232,-50.042717,0.0,0.0,1.0,0.0,-0.389012,-0.277866,0,0,0,0,0,0,0,0,0,0,0,0,0,0,0,7045.927246,40000.0,40000.0,40000.0,40000.0,11614.836914,40000.0,40000.0,40000.0,40000.0,40000.0,40000.0,40000.0,40000.0,40000.0,40000.0,16310.353516,14732.873047,18100.583984,7264.875,3916.109863,2540.420898,2490.717285,2909.532227,5000.0,15699.768351,-61634.40728,-72292.686559,0,true,true,1.0,-324.993369,0,0.0,0.0,0.0
10,2616,14.1,10615.062566,-39986.688877,4223.09811,-32767.075214,26202.781883,-1047.129653,-620.889175,726.282055,51.280125,31.180857,-47.566471,0.0,0.0,1.0,0.0,-0.40858,-0.340483,0,0,0,0,0,0,0,0,0,0,0,0,0,0,0,40000.0,40000.0,40000.0,40000.0,40000.0,11975.982422,40000.0,40000.0,40000.0,40000.0,40000.0,40000.0,40000.0,40000.0,40000.0,40000.0,15913.618164,15204.193359,40000.0,5772.586914,3579.63208,2417.379639,2463.733643,3071.226318,5000.0,12159.841144,-62098.598817,-72510.123524,0,true,true,1.0,-324.983369,0,0.0,0.0,0.0
10,2617,14.15,10663.446117,67123.242759,4259.01846,66308.056753,26162.470829,-837.435746,-642.624958,716.510944,52.739155,29.876469,-44.682392,0.0,0.0,0.0,0.0,-0.139986,-0.349965,0,0,0,0,0,0,0,0,0,0,0,0,0,0,0,40000.0,40000.0,40000.0,40000.0,11199.172852,40000.0,40000.0,40000.0,40000.0,40000.0,40000.0,40000.0,40000.0,40000.0,40000.0,40000.0,14798.34668,15853.894531,40000.0,5002.751465,3236.646729,2258.173584,2426.247314,3320.934082,5000.0,7901.532559,-62487.095719,-72682.162739,0,true,true,1.0,-324.973369,0,0.0,0.0,0.0
10,2618,14.2,10701.989522,-40025.232282,4288.5956,-32796.652353,26129.504924,-718.462037,-551.327834,614.287673,53.96629,28.673859,-42.162327,0.0,0.0,0.0,0.0,0.0,-0.449077,0,0,0,0,0,0,0,0,0,0,0,0,0,0,0,40000.0,40000.0,40000.0,40000.0,10879.097656,40000.0,40000.0,40000.0,40000.0,40000.0,40000.0,40000.0,40000.0,40000.0,40000.0,40000.0,11540.53418,15839.490234,40000.0,4818.504395,2986.320801,2211.417969,2401.651367,3663.261475,5000.0,4076.987625,-62677.270905,-72766.508423,0,true,true,1.0,-324.963369,0,0.0,0.0,0.0
10,2619,14.25,10739.765179,67085.467103,4321.112037,66275.540316,26102.491759,-728.071339,-690.129288,428.453651,55.008957,27.678091,-39.944309,-1.0,0.0,0.0,0.0,0.108153,-0.594839,0,0,0,0,0,0,0,0,0,0,0,0,0,0,0,40000.0,40000.0,40000.0,40000.0,10700.482422,40000.0,40000.0,40000.0,40000.0,40000.0,40000.0,40000.0,40000.0,40000.0,40000.0,16290.609375,11043.426758,15740.819336,40000.0,4666.81543,2797.385742,2164.825195,2377.945801,4068.463623,5000.0,653.714155,-62712.909416,-72778.733971,0,true,true,1.0,-324.953369,0,0.0,0.0,0.0
10,2620,14.3,10778.45225,-40063.919353,4362.735694,-32838.276011,26086.610013,-771.030735,-884.971841,240.714256,55.908821,26.922384,-37.973789,-1.0,0.0,0.0,0.0,0.088495,-0.619467,0,0,0,0,0,0,0,0,0,0,0,0,0,0,0,40000.0,40000.0,40000.0,40000.0,11023.00293,40000.0,40000.0,40000.0,40000.0,40000.0,40000.0,40000.0,40000.0,40000.0,40000.0,15407.900391,11276.962891,15685.49707,40000.0,4311.0625,2644.125732,2114.159424,2346.479248,4524.007812,5000.0,-2404.832314,-62648.065388,-72721.164701,0,true,true,1.0,-324.943369,0,0.0,0.0,0.0
10,2621,14.35,10809.172974,67054.746379,4400.812643,66237.463367,26080.697406,-799.542293,-1025.852109,109.806074,56.505451,26.514961,-36.64159,-1.0,0.0,0.0,0.0,0.0926,-0.5093,0,0,0,0,0,0,0,0,0,0,0,0,0,0,0,40000.0,40000.0,40000.0,40000.0,10910.164062,40000.0,40000.0,40000.0,40000.0,40000.0,40000.0,40000.0,40000.0,40000.0,40000.0,15195.665039,11462.174805,16010.998047,40000.0,4041.504883,2546.978027,2071.362793,2315.518066,4891.581055,5000.0,-4466.434306,-62558.975427,-72635.499541,0,true,true,1.0,-324.933369,0,0.0,0.0,0.0
10,2622,14.4,10853.564495,-40108.310874,4462.629127,-32900.092495,26080.606251,-832.001442,-1210.531712,-59.201109,57.212971,26.207079,-35.041687,-1.0,0.0,0.0,0.0,0.189156,-0.756622,0,0,0,0,0,0,0,0,0,0,0,0,0,0,0,40000.0,40000.0,40000.0,40000.0,11416.362305,40000.0,40000.0,40000.0,40000.0,40000.0,40000.0,40000.0,40000.0,40000.0,40000.0,14964.938477,13623.988281,40000.0,40000.0,3747.986328,2431.441895,2004.838867,2260.923828,5388.980469,5000.0,-6909.478152,-62417.672995,-72466.122727,0,true,true,1.0,-324.923369,0,0.0,0.0,0.0
10,2623,14.45,10897.21587,67011.095004,4530.309248,66169.783246,26088.398151,-856.028804,-1374.875611,-205.110951,57.813477,26.273514,-33.678661,-1.0,0.0,0.0,0.0,0.246894,-1.234472,0,0,0,0,0,0,0,0,0,0,0,0,0,0,0,40000.0,40000.0,40000.0,40000.0,11420.472656,40000.0,40000.0,40000.0,40000.0,40000.0,40000.0,40000.0,40000.0,40000.0,40000.0,14809.348633,13947.56543,40000.0,6004.63623,3521.452881,2337.208496,1936.037598,2200.164307,5906.879883,5000.0,-8909.089567,-62300.951622,-72244.300169,0,true,true,1.0,-324.913369,0,0.0,0.0,0.0
10,2624,14.5,10942.795485,-40153.890489,4607.73004,-32977.513286,26103.622732,-875.273397,-1534.338647,-339.113057,58.282505,26.87501,-32.627968,-1.0,0.0,0.0,0.0,0.282156,-1.410781,0,0,0,0,0,0,0,0,0,0,0,0,0,0,0,40000.0,40000.0,40000.0,40000.0,11482.613281,40000.0,40000.0,40000.0,40000.0,40000.0,40000.0,40000.0,40000.0,40000.0,40000.0,14629.737305,14278.755859,40000.0,5378.149414,3356.488281,2264.50293,1860.493652,2127.128174,6121.64209,5000.0,-10295.917291,-62270.069066,-71971.864391,0,true,true,1.0,-324.903369,0,0.0,0.0,0.0
10,2625,14.55,10987.898081,66965.992408,4690.752162,66086.761124,26124.763635,-887.233372,-1679.535015,-457.371213,58.66827,27.995661,-31.792728,-1.0,0.0,0.0,0.0,0.478863,-0.90984,0,0,0,0,0,0,0,0,0,0,0,0,0,0,0,40000.0,40000.0,40000.0,40000.0,11934.907227,40000.0,40000.0,40000.0,40000.0,40000.0,40000.0,40000.0,40000.0,40000.0,40000.0,14266.185547,14641.359375,40000.0,4939.663086,3232.361816,2207.925537,1778.063843,2048.821777,5891.924805,5000.0,-11200.739986,-62344.510015,-71652.727252,0,true,true,1.0,-324.893369,0,0.0,0.0,0.0
10,2626,14.6,11031.804336,-40197.796744,4777.597512,-33064.358636,26150.458746,-894.069826,-1814.347071,-559.407145,59.082142,29.464024,-30.937258,-1.0,0.0,0.0,0.0,0.788,-0.34475,0,0,0,0,0,0,0,0,0,0,0,0,0,0,0,40000.0,40000.0,40000.0,40000.0,12497.935547,40000.0,40000.0,40000.0,40000.0,40000.0,40000.0,40000.0,40000.0,40000.0,40000.0,13959.477539,15089.837891,40000.0,4547.528809,3116.252197,2154.63916,1722.384155,1969.989868,5379.156738,5000.0,-11995.989372,-62489.514336,-71275.318878,0,true,true,1.0,-324.883369,0,0.0,0.0,0.0
10,2627,14.65,11071.902589,66925.894155,4875.869423,65988.489213,26177.577089,-710.309778,-1961.603316,-505.94512,59.645145,31.132633,-29.829084,-1.0,0.0,1.0,0.0,0.994524,-0.045206,0,0,0,0,0,0,0,0,0,0,0,0,0,0,0,40000.0,40000.0,40000.0,40000.0,40000.0,40000.0,40000.0,40000.0,40000.0,40000.0,40000.0,40000.0,40000.0,40000.0,40000.0,11221.241211,15460.643555,40000.0,4233.977539,2965.72583,2081.442627,1692.286255,1882.539673,4566.25,5000.0,-13035.061939,-62665.01684,-70807.709886,0,true,true,1.0,-324.873369,0,0.0,0.0,0.0
10,2628,14.7,11096.629778,-40222.523933,4956.941134,-33145.430347,26196.552607,-575.211107,-2066.473127,-461.158922,60.207439,32.457458,-28.76786,-1.0,0.0,1.0,0.0,0.9166,0.0,0,0,0,0,0,0,0,0,0,0,0,0,0,0,0,40000.0,40000.0,40000.0,40000.0,40000.0,40000.0,40000.0,40000.0,40000.0,40000.0,40000.0,40000.0,40000.0,40000.0,40000.0,10933.30957,15649.455078,40000.0,4156.20459,2822.498047,2008.097412,1645.493652,1811.282837,2378.203125,5000.0,-14059.897231,-62806.122012,-70385.029708,0,true,true,1.0,-324.863369,0,0.0,0.0,0.0
10,2629,14.75,11120.035837,66902.488096,5062.435113,65882.995234,26217.332783,-417.386676,-2191.640085,-399.826369,61.133987,34.262444,-27.091145,-1.0,0.0,1.0,0.0,0.585727,0.0,0,0,0,0,0,0,0,0,0,0,0,0,0,0,0,40000.0,40000.0,40000.0,13914.30957,40000.0,40000.0,40000.0,40000.0,40000.0,40000.0,40000.0,40000.0,40000.0,40000.0,16437.097656,11325.478516,15961.680664,40000.0,4057.672119,2617.112793,1899.88916,1575.509888,1723.973999,2301.598145,5000.0,-15672.294636,-63008.963925,-69736.502393,0,true,true,1.0,-324.853369,0,0.0,0.0,0.0
10,2630,14.8,11136.576256,-40239.064352,5181.486033,-33264.481266,26236.113333,-254.39288,-2308.206735,-329.49334,62.246704,36.05827,-25.166822,-1.0,0.0,1.0,0.0,0.442229,0.069993,0,0,0,0,0,0,0,0,0,0,0,0,0,0,0,40000.0,40000.0,40000.0,13486.257812,40000.0,40000.0,40000.0,40000.0,40000.0,40000.0,40000.0,40000.0,40000.0,40000.0,16340.532227,11946.762695,16329.589844,40000.0,3943.948242,2384.06665,1768.110596,1485.536987,1614.846924,2200.644531,5000.0,-17480.354905,-63223.654529,-68976.050071,0,true,true,1.0,-324.843369,0,0.0,0.0,0.0
10,2631,14.85,11144.819765,66894.244587,5307.813364,65756.667903,26251.184725,-95.913787,-2405.066714,-254.676594,63.513111,37.795525,-23.066069,-1.0,0.0,1.0,0.0,0.279972,0.0,0,0,0,0,0,0,0,0,0,0,0,0,0,0,0,40000.0,40000.0,40000.0,14330.333008,40000.0,40000.0,40000.0,40000.0,40000.0,40000.0,40000.0,40000.0,40000.0,40000.0,16434.75,14741.06543,17428.962891,40000.0,3494.102783,2138.891846,1620.754517,1380.401733,1487.115967,2076.765381,5000.0,-19379.727227,-63450.10668,-68121.69942,0,true,true,1.0,-324.833369,0,0.0,0.0,0.0
10,2632,14.9,11144.064447,-40238.309033,5457.22594,-33413.893843,26263.133666,74.679925,-2492.063841,-166.724751,64.826378,39.406757,-20.966858,-1.0,0.0,1.0,0.0,0.069993,0.0,0,0,0,0,0,0,0,0,0,0,0,0,0,0,0,40000.0,40000.0,40000.0,40000.0,40000.0,40000.0,40000.0,40000.0,40000.0,40000.0,40000.0,40000.0,40000.0,40000.0,16323.254883,15709.052734,40000.0,4652.504395,2923.851562,1865.640625,1441.978149,1244.202881,1301.243164,1866.703735,5000.0,-21174.012311,-63686.401106,-67210.398034,0,true,true,1.0,-324.823369,0,0.0,0.0,0.0
10,2633,14.95,11138.789377,66899.519656,5551.829298,65662.064545,26267.624726,175.0973,-2566.811992,-102.262831,65.748001,40.454155,-19.534304,-1.0,0.0,1.0,0.0,0.0,0.0,0,0,0,0,0,0,0,0,0,0,0,0,0,0,0,40000.0,40000.0,40000.0,40000.0,40000.0,40000.0,40000.0,40000.0,40000.0,40000.0,40000.0,40000.0,40000.0,40000.0,12627.128906,16433.564453,40000.0,3944.12207,2587.431152,1693.192505,1325.457886,1153.536011,1175.460083,1720.340088,5000.0,-22328.602092,-63859.604095,-66577.070444,0,true,true,1.0,-324.813369,0,0.0,0.0,0.0
10,2634,15.0,11125.521008,-40225.040664,5685.863572,-33547.928116,26270.208459,307.591933,-2636.155019,-19.327504,66.729675,41.49482,-18.039749,-1.0,0.0,1.0,0.0,0.0,0.0,0,0,0,0,0,0,0,0,0,0,0,0,0,0,0,40000.0,40000.0,40000.0,40000.0,40000.0,40000.0,40000.0,40000.0,40000.0,40000.0,40000.0,40000.0,40000.0,40000.0,11974.609375,17083.927734,40000.0,3759.40625,2177.034424,1459.576904,1157.02771,1015.77771,949.21167,1440.295288,5000.0,-23491.80115,-64042.621951,-65870.463846,0,true,true,1.0,-324.803369,0,0.0,0.0,0.0
10,2635,15.05,11104.88701,66920.153654,5827.774712,65520.153405,26268.435859,436.365826,-2696.016421,64.781958,67.467125,42.230404,-16.93598,-1.0,0.0,1.0,0.0,0.0,0.0,0,0,0,0,0,0,0,0,0,0,0,0,0,0,0,40000.0,40000.0,40000.0,40000.0,40000.0,40000.0,40000.0,40000.0,40000.0,40000.0,40000.0,40000.0,40000.0,40000.0,12344.785156,17246.273438,40000.0,3562.343994,1784.764038,1216.639526,973.132812,859.703491,819.994446,1073.203369,5000.0,-24333.660014,-64177.807626,-65301.222028,0,true,true,1.0,-324.793369,0,0.0,0.0,0.0
10,2636,15.1,11078.679628,-40198.833282,5968.007523,-33688.160928,26262.491518,554.079948,-2752.369241,146.182351,68.018425,42.756401,-16.120504,-1.0,0.0,1.0,0.0,0.0,0.0,0,0,0,0,0,0,0,0,0,0,0,0,0,0,0,1714.806396,40000.0,40000.0,40000.0,40000.0,40000.0,40000.0,40000.0,40000.0,40000.0,40000.0,40000.0,40000.0,18728.089844,12692.032227,17363.408203,40000.0,2936.177734,1414.856567,975.809021,785.550537,697.150452,667.513367,669.865112,5000.0,-24953.539356,-64277.235368,-64844.156148,0,true,true,1.0,-324.783369,0,0.0,0.0,0.0
10,2637,15.15,11045.845904,66952.987377,6114.242269,65373.918659,26252.244653,665.520936,-2797.488929,223.785933,68.42524,43.132153,-15.523715,-1.0,0.0,1.0,0.0,0.0,0.0,0,0,0,0,0,0,0,0,0,0,0,0,0,0,0,552.265625,40000.0,40000.0,40000.0,40000.0,40000.0,40000.0,40000.0,40000.0,40000.0,40000.0,40000.0,40000.0,18349.742188,13000.524414,17443.283203,40000.0,2103.133301,1038.425659,722.121887,584.030762,519.966675,499.296082,513.841614,5000.0,-25418.212229,-64348.483563,-64467.178012,0,true,true,1.0,-324.773369,0,0.0,0.0,0.0
10,2638,15.2,11015.697613,-40168.684991,6234.337059,-33808.255718,26241.667631,708.625734,-2844.711653,237.327917,68.653595,43.338638,-15.190476,-1.0,0.0,0.0,0.0,0.0,0.0,0,0,0,0,0,0,0,0,0,0,0,0,0,0,0,407.212616,483.367706,40000.0,40000.0,40000.0,40000.0,40000.0,40000.0,40000.0,40000.0,40000.0,40000.0,40000.0,18329.521484,13217.591797,17481.523438,3496.74292,1464.812256,732.740662,511.806335,414.96991,370.189575,355.988159,366.958588,5000.0,-25692.286633,-64386.666227,-64220.022718,0,true,true,1.0,-324.763369,0,0.0,0.0,0.0
10,2639,15.25,10981.247342,66987.437649,6372.634449,65235.621269,26230.190163,600.926502,-2412.36317,199.223546,68.889946,43.55381,-14.846878,0.0,0.0,0.0,0.0,0.0,0.0,0,0,0,0,0,0,0,0,0,0,0,0,0,0,0,218.108276,265.988922,373.322327,40000.0,40000.0,40000.0,40000.0,40000.0,40000.0,40000.0,40000.0,40000.0,40000.0,18306.148438,14702.235352,17518.619141,3260.528809,763.639648,386.926575,271.558929,220.726013,197.27681,190.037628,196.16394,5000.0,-25973.652504,-64427.69778,-63949.751086,0,true,true,1.0,-324.753369,0,0.0,0.0,0.0
10,2640,15.3,10958.437362,-40145.875011,6464.202979,-33899.824247,26222.677879,529.888672,-2127.188477,174.755768,69.026283,43.679409,-14.649299,0.0,0.0,0.0,0.0,0.0,0.0,0,0,0,0,0,0,0,0,0,0,0,0,0,0,0,91.414246,111.642586,157.031113,299.361481,40000.0,40000.0,40000.0,40000.0,40000.0,40000.0,40000.0,40000.0,40000.0,18290.466797,15653.708984,17522.798828,3104.952393,315.026825,160.885178,113.146286,92.1231,82.424774,79.473709,82.129814,5000.0,-26136.686147,-64452.03446,-63782.059989,0,true,true,1.0,-324.743369,0,0.0,0.0,0.0
10,2641,15.35,10954.890793,66990.984218,6489.967526,65209.856721,26217.964633,-68.091354,126.258255,58.432499,69.029152,43.395313,-12.420755,0.0,0.0,0.0,0.0,-0.069993,0.0,0,0,0,0,0,0,0,0,0,0,0,0,0,0,0,59.866413,74.351151,107.769676,223.219635,40000.0,40000.0,40000.0,40000.0,40000.0,40000.0,40000.0,40000.0,40000.0,17897.072266,16067.380859,18340.279297,1589.094727,175.608749,96.460159,69.710457,57.680202,52.226131,50.882141,53.135586,5000.0,-28641.425165,-65716.313718,-61345.020968,0,true,true,1.0,-382.695025,0,0.0,0.0,0.0
10,2642,15.4,10958.416628,-40149.400847,6483.429752,-33893.286474,26216.64931,-64.517593,119.631607,4.620067,69.029152,43.395313,-12.420755,1.0,0.0,0.0,0.0,0.0,0.0,0,0,0,0,0,0,0,0,0,0,0,0,0,0,0,71.348648,88.611526,128.439636,266.06842,40000.0,40000.0,40000.0,40000.0,40000.0,40000.0,40000.0,40000.0,40000.0,17896.431641,16057.558594,18327.388672,1893.980103,209.261963,114.945541,83.08075,68.743126,62.242977,60.641212,63.326862,5000.0,-28638.805021,-65714.323846,-61351.809144,0,true,true,1.0,-382.685025,0,0.0,0.0,0.0
10,2643,15.45,10961.06199,66988.338857,6478.524597,65214.761877,26217.595949,-61.834385,114.656272,-35.754352,69.029152,43.395313,-12.420755,1.0,0.0,0.0,0.0,0.0,0.0,0,0,0,0,0,0,0,0,0,0,0,0,0,0,0,79.963768,99.311081,143.858292,298.217865,40000.0,40000.0,40000.0,40000.0,40000.0,40000.0,40000.0,40000.0,40000.0,17895.773438,16050.189453,18317.716797,2122.085205,234.511978,128.815125,93.112488,77.04364,69.758614,67.963448,70.973381,5000.0,-28635.510814,-65714.142767,-61356.399353,0,true,true,1.0,-382.675025,0,0.0,0.0,0.0
10,2644,15.5,10964.385879,-40152.724736,6472.361283,-33887.12316,26221.365322,-58.463395,108.405622,-86.483235,69.029152,43.395313,-12.420755,1.0,0.0,0.0,0.0,-0.209979,-0.279972,0,0,0,0,0,0,0,0,0,0,0,0,0,0,0,90.788963,112.75544,163.345474,338.428101,40000.0,40000.0,40000.0,40000.0,40000.0,40000.0,40000.0,40000.0,40000.0,17895.050781,16040.930664,18305.564453,2410.990967,266.239502,146.242737,105.717705,87.473518,79.202278,77.164078,80.58149,5000.0,-28629.599172,-65715.665722,-61361.496013,0,true,true,1.0,-382.665025,0,0.0,0.0,0.0
10,2645,15.55,10966.723814,66986.000922,6468.026172,65219.096988,26225.903137,-56.09291,104.010155,-122.167035,69.029152,43.395313,-12.420755,1.0,0.0,0.0,0.0,-0.218876,-0.383032,0,0,0,0,0,0,0,0,0,0,0,0,0,0,0,98.403351,122.212135,177.052658,366.843079,40000.0,40000.0,40000.0,40000.0,40000.0,40000.0,40000.0,40000.0,40000.0,17894.541016,16034.417969,18297.017578,2612.752441,288.556458,158.501221,114.584152,94.809837,85.844902,83.635765,87.339783,5000.0,-28624.144975,-65718.016945,-61364.590263,0,true,true,1.0,-382.655025,0,0.0,0.0,0.0
10,2646,15.6,10969.669623,-40155.670545,6462.563912,-33881.6609,26234.079371,-53.106445,98.472508,-167.129438,69.029152,43.395313,-12.420755,1.0,0.0,0.0,0.0,-0.339942,-0.728446,0,0,0,0,0,0,0,0,0,0,0,0,0,0,0,107.997818,134.127991,194.324326,402.647186,40000.0,40000.0,40000.0,40000.0,40000.0,40000.0,40000.0,40000.0,40000.0,17893.900391,16026.211914,18286.320312,2867.943359,316.823425,173.947464,125.756271,104.053932,94.214897,91.790367,95.855537,5000.0,-28615.583558,-65722.647637,-61367.849667,0,true,true,1.0,-382.645025,0,0.0,0.0,0.0
10,2647,15.65,10972.485951,66983.184593,6457.341742,65224.319159,26244.737923,-50.250909,93.177638,-210.114228,69.029152,43.395313,-12.420755,1.0,0.0,0.0,0.0,-0.507345,-1.409292,0,0,0,0,0,0,0,0,0,0,0,0,0,0,0,117.170921,145.520538,210.837463,436.878876,40000.0,40000.0,40000.0,40000.0,40000.0,40000.0,40000.0,40000.0,40000.0,17893.289062,16018.368164,18276.025391,3011.348877,343.708832,188.715363,136.956284,112.892052,102.217308,99.586845,103.997307,5000.0,-28605.446126,-65729.002884,-61370.226805,0,true,true,1.0,-382.635025,0,0.0,0.0,0.0
10,2648,15.7,10974.602249,-40157.786843,6453.417601,-33877.736759,26254.786637,-48.103443,89.195701,-242.408164,69.029152,43.395313,-12.420755,1.0,0.0,0.0,0.0,-0.64152,-2.12195,0,0,0,0,0,0,0,0,0,0,0,0,0,0,0,124.064201,154.569733,223.246521,462.602844,40000.0,40000.0,40000.0,40000.0,40000.0,40000.0,40000.0,40000.0,40000.0,17892.828125,16012.473633,18268.289062,3017.481445,363.912292,199.812927,144.522736,119.5336,108.23085,105.445633,110.115562,5000.0,-28596.427296,-65735.162243,-61371.482704,0,true,true,1.0,-382.625025,0,0.0,0.0,0.0
10,2649,15.75,10977.120648,66980.666194,6448.747865,65228.988894,26269.226508,-45.550453,84.46183,-280.849579,69.029152,43.395313,-12.420755,1.0,0.0,0.0,0.0,-0.516843,-1.644501,0,0,0,0,0,0,0,0,0,0,0,0,0,0,0,132.267517,164.207672,238.013901,493.215576,40000.0,40000.0,40000.0,40000.0,40000.0,40000.0,40000.0,40000.0,40000.0,17892.28125,16005.459961,18259.083984,3024.779785,387.955353,213.019547,154.074966,127.437355,115.387245,112.41787,117.396584,5000.0,-28583.989749,-65744.175848,-61372.331798,0,true,true,1.0,-382.615025,0,0.0,0.0,0.0
10,2650,15.8,10979.470438,-40160.136633,6444.390772,-33873.379667,26285.411924,-43.16885,80.045738,-316.71994,69.029152,43.395313,-12.420755,1.0,0.0,0.0,0.0,-0.69223,-2.183188,0,0,0,0,0,0,0,0,0,0,0,0,0,0,0,139.921967,173.714096,251.793182,521.779968,40000.0,40000.0,40000.0,40000.0,40000.0,40000.0,40000.0,40000.0,40000.0,17891.771484,15998.916016,18250.496094,3031.589844,410.389709,225.342514,162.988052,134.812256,122.064812,118.923592,124.190422,5000.0,-28570.521475,-65754.426289,-61372.418693,0,true,true,1.0,-382.605025,0,0.0,0.0,0.0
10,2651,15.85,10980.810571,66979.326061,6411.478871,65261.900795,26353.212574,-32.346107,794.377686,-1633.679932,69.029152,43.395313,-12.420755,1.0,0.0,0.0,0.0,-1.351055,-3.660923,0,0,0,0,0,0,0,0,0,0,0,0,0,0,0,178.648453,221.872604,322.649536,40000.0,40000.0,40000.0,40000.0,40000.0,40000.0,40000.0,40000.0,40000.0,40000.0,17910.064453,15976.379883,18220.917969,3086.429199,524.039551,287.769257,208.140701,172.172714,155.892563,151.880814,158.607254,5000.0,-28517.845721,-65806.448237,-61386.59258,0,true,true,1.0,-382.595025,0,0.0,0.0,0.0
10,2652,15.9,10982.50724,-40161.833302,6369.810922,-33831.711717,26439.422983,-33.676965,827.061802,-1726.275665,69.029152,43.395313,-12.420755,1.0,0.0,0.0,0.0,-2.892127,-5.120487,0,0,0,0,0,0,0,0,0,0,0,0,0,0,0,227.691711,282.843506,409.882843,40000.0,40000.0,40000.0,40000.0,40000.0,40000.0,40000.0,40000.0,40000.0,40000.0,17933.224609,15947.847656,18183.400391,3155.858398,668.072083,366.804413,265.30603,219.425018,198.676819,193.564072,202.092163,5000.0,-28450.900453,-65872.562588,-61404.440689,0,true,true,1.0,-382.585025,0,0.0,0.0,0.0
10,2653,15.95,10984.458373,66977.374928,6321.893669,65309.818048,26537.35098,-37.163211,912.679408,-1866.353296,69.029152,43.395313,-12.420755,1.0,0.0,0.0,0.0,-2.67622,-2.418891,0,0,0,0,0,0,0,0,0,0,0,0,0,0,0,284.147278,352.834869,479.707428,40000.0,40000.0,40000.0,40000.0,40000.0,40000.0,40000.0,40000.0,40000.0,40000.0,17959.904297,15915.036133,18140.408203,3235.648682,833.537415,457.692871,330.987061,273.818939,247.927414,241.50473,252.200378,5000.0,-28374.747593,-65947.770247,-61425.280856,0,true,true,1.0,-382.575025,0,0.0,0.0,0.0
10,2654,16.0,10986.583494,-40163.958422,6269.703509,-33779.521557,26644.07574,-39.297489,965.094455,-1977.354346,69.029152,43.395313,-12.420755,1.0,0.0,0.0,0.0,-3.181081,-2.15059,0,0,0,0,0,0,0,0,0,0,0,0,0,0,0,345.587128,429.202271,40000.0,40000.0,40000.0,40000.0,40000.0,40000.0,40000.0,40000.0,40000.0,40000.0,40000.0,17988.869141,15879.298828,18093.503906,3322.662109,1013.904358,556.766663,402.587921,333.063293,301.569794,293.766693,306.776886,5000.0,-28291.759829,-66029.727976,-61447.962682,0,true,true,1.0,-382.565025,0,0.0,0.0,0.0
10,2655,16.05,10988.230196,66975.728227,6229.262692,65350.258865,26726.809496,-40.927762,1005.131813,-2058.587318,69.029152,43.395313,-12.420755,1.0,0.0,0.0,0.0,-2.907689,-1.688336,0,0,0,0,0,0,0,0,0,0,0,0,0,0,0,393.23407,466.464447,40000.0,40000.0,40000.0,40000.0,40000.0,40000.0,40000.0,40000.0,40000.0,40000.0,40000.0,18011.345703,15851.661133,18057.160156,3390.046631,1153.55249,633.394165,458.069611,378.970245,343.092285,334.263153,349.066833,5000.0,-28227.430366,-66093.258988,-61465.529023,0,true,true,1.0,-382.555025,0,0.0,0.0,0.0
10,2656,16.1,10990.47238,-40166.200606,6174.197616,-33724.456482,26839.585422,-42.748639,1049.850152,-2156.750621,69.029152,43.395313,-12.420755,1.0,0.0,0.0,0.0,-2.770834,-1.289871,0,0,0,0,0,0,0,0,0,0,0,0,0,0,0,458.111145,40000.0,40000.0,40000.0,40000.0,40000.0,40000.0,40000.0,40000.0,40000.0,40000.0,40000.0,40000.0,18042.0,15813.901367,18007.673828,3481.79834,1343.847046,737.840576,533.614624,441.478119,399.689636,389.403992,406.605347,5000.0,-28139.75289,-66179.848221,-61489.415508,0,true,true,1.0,-382.545025,0,0.0,0.0,0.0
10,2657,16.15,10992.801534,66973.399072,6116.996656,65407.459826,26957.047892,-44.552097,1094.140688,-2251.700617,69.029152,43.395313,-12.420755,1.0,0.0,0.0,0.0,-2.307378,-1.107542,0,0,0,0,0,0,0,0,0,0,0,0,0,0,0,898.966614,40000.0,40000.0,40000.0,40000.0,40000.0,40000.0,40000.0,40000.0,40000.0,40000.0,40000.0,40000.0,18073.792969,15774.786133,17956.337891,3577.161377,1541.51709,846.338318,612.090027,506.410645,458.4823,446.641174,466.421844,5000.0,-28048.460091,-66270.007904,-61514.147335,0,true,true,1.0,-382.535025,0,0.0,0.0,0.0
10,2658,16.2,10996.02705,-40169.426122,6072.275062,-33679.734888,27051.797732,-94.92313,1085.040983,-2323.657006,69.029152,43.395313,-12.420755,1.0,-1.0,0.0,0.0,-2.050723,-0.953825,0,0,0,0,0,0,0,0,0,0,0,0,0,0,0,1546.176025,40000.0,40000.0,40000.0,40000.0,40000.0,40000.0,40000.0,40000.0,40000.0,40000.0,40000.0,40000.0,18096.755859,15741.861328,17913.054688,3651.387451,1700.723877,933.789001,675.342285,558.747131,505.826782,492.767303,514.590759,5000.0,-27974.085833,-66341.486687,-61532.780912,0,true,true,1.0,-382.525025,0,0.0,0.0,0.0
10,2659,16.25,11003.197582,66966.22854,6014.50859,65465.226298,27179.820831,-155.316214,1064.964206,-2407.056274,69.029152,43.395313,-12.420755,1.0,-1.0,0.0,0.0,-2.016048,-0.986577,0,0,0,0,0,0,0,0,0,0,0,0,0,0,0,40000.0,40000.0,40000.0,40000.0,40000.0,40000.0,40000.0,40000.0,40000.0,40000.0,40000.0,40000.0,40000.0,18122.361328,15694.353516,17850.845703,3746.641602,1916.877808,1052.359985,761.103455,629.660339,570.077881,555.36499,638.689819,5000.0,-27872.013645,-66435.525553,-61555.502181,0,true,true,1.0,-382.515025,0,0.0,0.0,0.0
10,2660,16.3,11013.138328,-40179.366868,5959.158275,-33624.384573,27308.355751,-211.136511,1058.171021,-2491.540133,69.029152,43.395313,-12.420755,1.0,-1.0,0.0,0.0,-2.13953,-1.102182,0,0,0,0,0,0,0,0,0,0,0,0,0,0,0,40000.0,40000.0,40000.0,40000.0,40000.0,40000.0,40000.0,40000.0,40000.0,40000.0,40000.0,40000.0,40000.0,18142.75,15328.196289,17782.443359,3825.595459,2134.29834,1171.786865,847.367798,701.037231,634.749207,618.37207,851.169922,5000.0,-27768.001635,-66527.451792,-61575.868082,0,true,true,1.0,-382.505025,0,0.0,0.0,0.0
10,2661,16.35,11026.330175,66953.036693,5901.726334,65522.658238,27448.310635,-246.276923,1032.819579,-2567.197314,69.10968,43.538815,-12.3037,1.0,-1.0,1.0,0.0,-3.384973,-1.692486,0,0,0,0,0,0,0,0,0,0,0,0,0,0,0,40000.0,40000.0,40000.0,40000.0,40000.0,40000.0,40000.0,40000.0,40000.0,40000.0,40000.0,40000.0,40000.0,18188.501953,14945.799805,17809.316406,5010.167969,2359.393311,1299.815674,941.258728,779.364441,706.06073,673.219421,1078.60376,5000.0,-27673.243024,-66675.336754,-61532.34114,0,true,true,1.0,-382.495025,0,0.0,0.0,0.0
10,2662,16.4,11035.78028,-40188.816973,5861.441151,-33584.099389,27551.600385,-234.198846,1006.658473,-2622.112953,69.075974,43.65242,-12.352574,1.0,-1.0,1.0,0.0,-3.804604,-1.929871,0,0,0,0,0,0,0,0,0,0,0,0,0,0,0,40000.0,40000.0,40000.0,40000.0,40000.0,40000.0,40000.0,40000.0,40000.0,40000.0,40000.0,40000.0,40000.0,18240.871094,14384.515625,17867.115234,6601.361328,2536.205566,1395.269775,1009.817017,835.851501,757.043457,722.70813,1232.749512,5000.0,-27458.799491,-66804.201843,-61541.305356,0,true,true,1.0,-382.485025,0,0.0,0.0,0.0
10,2663,16.45,11047.738959,66941.078014,5808.98898,65575.110409,27693.51528,-218.374095,969.61726,-2689.263344,68.915154,43.803127,-12.585119,1.0,-1.0,1.0,0.0,-4.0109,-1.278199,0,0,0,0,0,0,0,0,0,0,0,0,0,0,0,40000.0,40000.0,40000.0,40000.0,40000.0,40000.0,40000.0,40000.0,40000.0,40000.0,40000.0,40000.0,40000.0,18332.601562,13444.40918,17916.667969,40000.0,2795.209229,1527.245605,1102.271606,910.896301,823.963501,858.335754,1422.386475,5000.0,-26998.932483,-66998.098452,-61604.440118,0,true,true,1.0,-382.475025,0,0.0,0.0,0.0
10,2664,16.5,11058.827022,-40199.905036,5758.783747,-33533.894156,27837.450858,-206.892893,947.845907,-2761.749646,68.613693,43.932732,-13.01988,1.0,-1.0,1.0,0.0,-4.085783,-1.033752,0,0,0,0,0,0,0,0,0,0,0,0,0,0,0,40000.0,40000.0,40000.0,40000.0,40000.0,40000.0,40000.0,40000.0,40000.0,40000.0,40000.0,40000.0,40000.0,18445.257812,13364.280273,17951.748047,40000.0,3087.630127,1664.660156,1195.306885,984.696716,888.725342,965.800049,1585.243408,5000.0,-26345.010413,-67206.758583,-61729.65739,0,true,true,1.0,-382.465025,0,0.0,0.0,0.0
10,2665,16.55,11069.40642,66930.498616,5709.368658,65624.525498,27987.155662,-193.042076,912.224806,-2819.97488,68.150932,44.021801,-13.685914,1.0,-1.0,1.0,0.0,-4.845767,-0.365718,0,0,0,0,0,0,0,0,0,0,0,0,0,0,0,40000.0,40000.0,40000.0,40000.0,40000.0,40000.0,40000.0,40000.0,40000.0,40000.0,40000.0,40000.0,40000.0,18579.197266,13218.788086,17966.982422,40000.0,3439.066162,1814.843384,1292.518188,1059.747559,953.075806,1063.365112,1721.146484,5000.0,-25475.28713,-67427.310015,-61924.277233,0,true,true,1.0,-382.455025,0,0.0,0.0,0.0
10,2666,16.6,11076.859648,-40207.358264,5673.61511,-33498.140608,28100.520658,-184.606609,892.300782,-2865.407375,67.715637,44.045769,-14.311797,1.0,-1.0,1.0,0.0,-5.210064,0.139986,0,0,0,0,0,0,0,0,0,0,0,0,0,0,0,40000.0,40000.0,40000.0,40000.0,40000.0,40000.0,40000.0,40000.0,40000.0,40000.0,40000.0,40000.0,40000.0,18685.21875,13083.271484,17962.496094,40000.0,3744.406738,1934.382202,1366.769653,1115.50769,999.853821,1127.912964,1802.678711,5000.0,-24718.109477,-67589.017836,-62106.69883,0,true,true,1.0,-382.445025,0,0.0,0.0,0.0
10,2667,16.65,11086.374363,66920.983901,5626.751161,65671.389447,28256.021194,-172.014138,857.049651,-2915.847683,67.023643,44.005833,-15.306879,1.0,-1.0,1.0,0.0,-5.363848,0.312891,0,0,0,0,0,0,0,0,0,0,0,0,0,0,0,40000.0,40000.0,40000.0,40000.0,40000.0,40000.0,40000.0,40000.0,40000.0,40000.0,40000.0,40000.0,40000.0,19650.087891,12868.107422,17933.425781,40000.0,3926.243164,2106.952148,1469.47876,1190.437012,1061.163696,1203.996826,1888.106079,5000.0,-23578.882119,-67796.088022,-62393.235373,0,true,true,1.0,-382.435025,0,0.0,0.0,0.0
10,2668,16.7,11094.974733,-40215.958633,5583.111004,-33454.500451,28407.634022,-164.135009,842.240467,-2976.586873,66.307732,43.914181,-16.337725,1.0,-1.0,1.0,0.0,0.0,0.0,0,0,0,0,0,0,0,0,0,0,0,0,0,0,0,40000.0,40000.0,40000.0,40000.0,40000.0,40000.0,40000.0,40000.0,40000.0,40000.0,40000.0,40000.0,40000.0,40000.0,12648.987305,17892.707031,40000.0,4015.754639,2283.391357,1570.002808,1261.760254,1118.39917,1268.102295,1952.383057,5000.0,-22427.282398,-67983.717368,-62679.678018,0,true,true,1.0,-382.425025,0,0.0,0.0,0.0
10,2669,16.75,11103.244464,66912.71417,5539.858722,65714.641729,28565.194298,-154.214898,816.051315,-3025.622373,65.78228,43.840027,-17.09556,1.0,-1.0,1.0,0.0,0.0,0.0,0,0,0,0,0,0,0,0,0,0,0,0,0,0,0,40000.0,40000.0,40000.0,15318.638672,40000.0,40000.0,40000.0,40000.0,40000.0,40000.0,40000.0,40000.0,40000.0,40000.0,12498.192383,17868.505859,40000.0,4099.313477,2448.863281,1665.400879,1330.43103,1174.267944,1336.755371,2031.799683,5000.0,-21540.429016,-68149.75999,-62877.861948,0,true,true,1.0,-382.415025,0,0.0,0.0,0.0
10,2670,16.8,11111.366576,-40224.080746,5495.996245,-33410.637974,28732.933285,-143.928521,787.045373,-3071.504097,65.406776,43.783772,-17.637827,1.0,-1.0,1.0,0.0,0.0,0.0,0,0,0,0,0,0,0,0,0,0,0,0,0,0,0,40000.0,40000.0,40000.0,15312.850586,40000.0,40000.0,40000.0,40000.0,40000.0,40000.0,40000.0,40000.0,40000.0,40000.0,12780.970703,17856.779297,40000.0,4179.186035,2605.234863,1757.394531,1397.846069,1229.940063,1411.268311,2126.14917,5000.0,-20860.722052,-68304.114454,-63010.070373,0,true,true,1.0,-382.405025,0,0.0,0.0,0.0
10,2671,16.85,11116.764347,66907.316399,5466.019188,65744.618787,28851.75769,-138.781819,776.738698,-3110.420916,65.198349,43.751362,-17.939085,1.0,-1.0,1.0,0.0,0.0,0.0,0,0,0,0,0,0,0,0,0,0,0,0,0,0,0,40000.0,40000.0,40000.0,15305.105469,40000.0,40000.0,40000.0,40000.0,40000.0,40000.0,40000.0,40000.0,40000.0,40000.0,12945.419922,17814.568359,40000.0,4232.229492,2708.943848,1818.96582,1443.21106,1267.675903,1463.458618,2194.119385,5000.0,-20462.498539,-68406.52974,-63078.898352,0,true,true,1.0,-382.395025,0,0.0,0.0,0.0
10,2672,16.9,11123.581117,-40230.897516,5427.120552,-33371.739339,29011.444404,-131.169239,757.386101,-3153.89586,64.987457,43.717709,-18.244102,1.0,-1.0,1.0,0.0,0.0,0.0,0,0,0,0,0,0,0,0,0,0,0,0,0,0,0,40000.0,40000.0,40000.0,14635.929688,40000.0,40000.0,40000.0,40000.0,40000.0,40000.0,40000.0,40000.0,40000.0,40000.0,13134.220703,17660.09375,40000.0,4299.097656,2837.945557,1896.584961,1500.964966,1316.146851,1533.027832,2287.567871,5000.0,-20028.458855,-68536.266675,-63142.931001,0,true,true,1.0,-382.385025,0,0.0,0.0,0.0
10,2673,16.95,11130.044427,66900.853089,5389.059238,65782.680101,29173.95631,-123.631613,736.823052,-3193.122842,64.834358,43.69273,-18.465654,1.0,-1.0,1.0,0.0,0.0,0.0,0,0,0,0,0,0,0,0,0,0,0,0,0,0,0,40000.0,40000.0,40000.0,14614.641602,40000.0,40000.0,40000.0,40000.0,40000.0,40000.0,40000.0,40000.0,40000.0,40000.0,13295.875977,17539.349609,40000.0,4362.631836,2958.480713,1970.317505,1556.449951,1363.059082,1603.005859,2383.728027,5000.0,-19677.267233,-68661.489127,-63183.208988,0,true,true,1.0,-382.375025,0,0.0,0.0,0.0
10,2674,17.0,11136.299282,-40237.152371,5351.012034,-33333.692135,29342.919237,-117.126361,721.320671,-3235.68369,64.724365,43.674496,-18.624901,1.0,-1.0,1.0,0.0,0.0,0.0,0,0,0,0,0,0,0,0,0,0,0,0,0,0,0,40000.0,40000.0,40000.0,14591.03125,40000.0,40000.0,40000.0,40000.0,40000.0,40000.0,40000.0,40000.0,40000.0,40000.0,16550.328125,17442.486328,40000.0,4400.294434,3073.977051,2041.925659,1610.92395,1409.422363,1674.596802,2484.143799,5000.0,-19384.9751,-68786.399415,-63205.43699,0,true,true,1.0,-382.365025,0,0.0,0.0,0.0
10,2675,17.05,11142.19697,66894.9554,5313.940371,65819.751764,29513.618701,-110.036465,700.331402,-3269.188026,64.637177,43.666801,-18.751158,1.0,-1.0,1.0,0.0,0.045096,-1.984216,0,0,0,0,0,0,0,0,0,0,0,0,0,0,0,40000.0,40000.0,40000.0,14567.856445,40000.0,40000.0,40000.0,40000.0,40000.0,40000.0,40000.0,40000.0,40000.0,40000.0,16692.087891,17361.515625,40000.0,4677.820312,3184.388184,2110.993652,1663.5979,1454.490112,1745.157593,2550.415771,5000.0,-19121.196837,-68912.106465,-63216.669261,0,true,true,1.0,-382.355025,0,0.0,0.0,0.0
10,2676,17.1,11147.53598,-40242.491381,5279.293973,-33299.045738,29678.29821,-105.050144,689.698513,-3308.05475,64.507835,43.70414,-18.938398,1.0,-1.0,1.0,0.0,-2.436952,-2.17585,0,0,0,0,0,0,0,0,0,0,0,0,0,0,0,40000.0,40000.0,40000.0,14562.888672,40000.0,40000.0,40000.0,40000.0,40000.0,40000.0,40000.0,40000.0,40000.0,40000.0,16871.091797,17277.216797,40000.0,4980.932129,3299.034668,2180.309814,1715.509888,1498.245239,1809.718018,40000.0,5000.0,-18767.86007,-69053.256343,-63233.519524,0,true,true,1.0,-382.345025,0,0.0,0.0,0.0
10,2677,17.15,11152.882187,66889.609194,5243.488824,65855.556913,29854.597881,-98.980254,670.708621,-3338.144815,64.252296,43.765461,-19.307903,1.0,-1.0,1.0,0.0,-4.205358,-2.210509,0,0,0,0,0,0,0,0,0,0,0,0,0,0,0,40000.0,40000.0,40000.0,14578.841797,40000.0,40000.0,40000.0,40000.0,40000.0,40000.0,40000.0,40000.0,40000.0,40000.0,17150.974609,17142.333984,40000.0,5400.268555,3442.701416,2261.389893,1773.758545,1545.728027,1870.524658,40000.0,5000.0,-18191.314564,-69226.69423,-63281.362236,0,true,true,1.0,-382.335025,0,0.0,0.0,0.0
10,2678,17.2,11157.896332,-40247.505526,5208.887155,-33264.444069,30030.273528,-93.815304,654.397793,-3367.776026,63.827545,43.828262,-19.921291,1.0,-1.0,1.0,0.0,-5.952095,-2.954637,0,0,0,0,0,0,0,0,0,0,0,0,0,0,0,40000.0,40000.0,40000.0,14619.112305,40000.0,40000.0,40000.0,40000.0,40000.0,40000.0,40000.0,40000.0,40000.0,40000.0,17560.287109,16937.322266,40000.0,5994.785156,3620.966797,2353.942139,1836.450806,1594.622314,1919.464233,40000.0,5000.0,-17345.528141,-69421.924916,-63373.252691,0,true,true,1.0,-382.325025,0,0.0,0.0,0.0
10,2679,17.25,11161.873495,66885.632031,5180.729444,65883.714625,30178.107682,-89.227031,636.340828,-3385.731368,63.355404,43.867336,-20.602364,1.0,-1.0,1.0,0.0,-8.298747,-3.636529,0,0,0,0,0,0,0,0,0,0,0,0,0,0,0,40000.0,40000.0,40000.0,14668.473633,40000.0,40000.0,40000.0,40000.0,40000.0,40000.0,40000.0,40000.0,40000.0,40000.0,17843.03125,16718.677734,40000.0,6674.075195,3799.244141,2440.285645,1892.351318,1636.485107,1951.862671,40000.0,5000.0,-16458.163348,-69595.31674,-63476.662398,0,true,true,1.0,-382.315025,0,0.0,0.0,0.0
10,2680,17.3,11166.466463,-40252.098494,5147.479249,-33231.193874,30356.635151,-87.04659,635.594582,-3429.627186,62.516186,43.893471,-21.811998,1.0,-1.0,1.0,0.0,-5.709276,-2.378865,0,0,0,0,0,0,0,0,0,0,0,0,0,0,0,40000.0,40000.0,40000.0,14070.936523,40000.0,40000.0,40000.0,40000.0,40000.0,40000.0,40000.0,40000.0,40000.0,40000.0,17969.796875,16352.345703,19592.830078,40000.0,4090.595459,2568.569824,1969.870239,1690.969604,1974.651001,40000.0,5000.0,-14963.445011,-69829.161848,-63658.127456,0,true,true,1.0,-382.305025,0,0.0,0.0,0.0
10,2681,17.35,11170.943785,66881.154709,5114.365873,65916.828001,30540.039401,-82.31533,613.191962,-3447.950579,61.449516,43.872105,-23.349102,1.0,-1.0,1.0,0.0,-8.512679,-3.046204,0,0,0,0,0,0,0,0,0,0,0,0,0,0,0,40000.0,40000.0,40000.0,14214.339844,40000.0,40000.0,40000.0,40000.0,40000.0,40000.0,40000.0,40000.0,40000.0,40000.0,18124.603516,14092.40625,18719.550781,40000.0,4469.805176,2724.137695,2058.407227,1750.028442,1984.644287,2732.968018,5000.0,-13112.185703,-70073.247784,-63867.700681,0,true,true,1.0,-382.295025,0,0.0,0.0,0.0
10,2682,17.4,11174.187022,-40255.341732,5090.005404,-33206.833405,30678.689973,-80.249676,605.116423,-3471.479068,60.502441,43.807381,-24.714769,1.0,-1.0,1.0,0.0,-7.625198,-2.083387,0,0,0,0,0,0,0,0,0,0,0,0,0,0,0,40000.0,40000.0,40000.0,14269.482422,40000.0,40000.0,40000.0,40000.0,40000.0,40000.0,40000.0,40000.0,40000.0,40000.0,18259.294922,13350.259766,18324.638672,40000.0,4532.087402,2861.821533,2132.572754,1797.130859,1983.460693,2716.715576,5000.0,-11494.480803,-70254.777198,-64032.12741,0,true,true,1.0,-382.285025,0,0.0,0.0,0.0
10,2683,17.45,11178.478676,66876.863056,5057.377013,65949.456391,30870.142719,-77.240904,589.838125,-3498.359496,59.057171,43.623425,-26.803143,1.0,-1.0,1.0,0.0,-7.606686,-1.422833,0,0,0,0,0,0,0,0,0,0,0,0,0,0,0,40000.0,40000.0,40000.0,14494.782227,40000.0,40000.0,40000.0,40000.0,40000.0,40000.0,40000.0,40000.0,40000.0,40000.0,18461.181641,12882.331055,18166.009766,40000.0,4621.077148,3081.197021,2244.243164,1864.711792,1972.676514,2641.523926,5000.0,-9047.473146,-70487.314424,-64240.545164,0,true,true,1.0,-382.275025,0,0.0,0.0,0.0
10,2684,17.5,11182.27322,-40259.136276,5028.25591,-33177.712301,31046.083345,-75.04481,577.390837,-3524.879955,57.458382,43.304386,-29.123795,1.0,-1.0,1.0,0.0,-6.633009,-0.643501,0,0,0,0,0,0,0,0,0,0,0,0,0,0,0,40000.0,40000.0,40000.0,16077.748047,40000.0,40000.0,40000.0,40000.0,40000.0,40000.0,40000.0,40000.0,40000.0,40000.0,40000.0,12559.436523,17983.669922,40000.0,4710.622559,3339.344971,2365.233398,1933.068481,1948.306396,2549.451416,5000.0,-6359.90307,-70683.796274,-64412.21769,0,true,true,1.0,-382.265025,0,0.0,0.0,0.0
10,2685,17.55,11186.050123,66873.086152,4999.114048,65978.598254,31228.73897,-72.153475,557.439786,-3543.735879,55.764935,42.825932,-31.599911,1.0,-1.0,1.0,0.0,-7.16799,0.633904,0,0,0,0,0,0,0,0,0,0,0,0,0,0,0,40000.0,40000.0,40000.0,40000.0,14546.980469,40000.0,40000.0,40000.0,40000.0,40000.0,40000.0,40000.0,40000.0,40000.0,40000.0,16216.917969,17535.847656,40000.0,5401.745117,3651.190918,2501.040527,2005.908569,1919.523315,2455.786865,5000.0,-3490.032747,-70851.808858,-64514.290832,0,true,true,1.0,-382.255025,0,0.0,0.0,0.0
10,2686,17.6,11189.708909,-40262.795061,4970.81939,-33149.417644,31413.196302,-69.776557,539.76995,-3566.637882,54.154926,42.239471,-33.978214,1.0,-1.0,1.0,0.0,0.0,0.0,0,0,0,0,0,0,0,0,0,0,0,0,0,0,0,40000.0,40000.0,40000.0,40000.0,14284.827148,40000.0,40000.0,40000.0,40000.0,40000.0,40000.0,40000.0,40000.0,40000.0,40000.0,17196.892578,16566.324219,40000.0,6740.947754,4002.584961,2643.629395,2079.35083,1893.099854,2374.244629,5000.0,-705.4532,-70987.043625,-64523.501293,0,true,true,1.0,-382.245025,0,0.0,0.0,0.0
10,2687,17.65,11192.383035,66870.412026,4950.139075,65999.278569,31553.133769,-67.928145,525.163684,-3582.519825,53.25404,41.878242,-35.321667,1.0,-1.0,1.0,0.0,0.0,0.0,0,0,0,0,0,0,0,0,0,0,0,0,0,0,0,40000.0,40000.0,40000.0,40000.0,13349.46582,40000.0,40000.0,40000.0,40000.0,40000.0,40000.0,40000.0,40000.0,40000.0,40000.0,17348.017578,16058.404297,40000.0,40000.0,4243.12207,2739.11792,2129.455078,1886.404419,2340.848877,5000.0,915.473562,-71072.864739,-64477.04997,0,true,true,1.0,-382.235025,0,0.0,0.0,0.0
10,2688,17.7,11195.774269,-40266.186295,4923.961907,-33123.240476,31737.070574,-65.451407,504.601764,-3600.887819,52.360935,41.497509,-36.663467,1.0,-1.0,1.0,0.0,0.0,0.0,0,0,0,0,0,0,0,0,0,0,0,0,0,0,0,40000.0,40000.0,40000.0,40000.0,13347.163086,40000.0,40000.0,40000.0,40000.0,40000.0,40000.0,40000.0,40000.0,40000.0,40000.0,17367.525391,15575.448242,18657.007812,40000.0,4523.097168,2850.380859,2188.962646,1879.526001,2319.774414,5000.0,2583.244176,-71175.808857,-64384.338501,0,true,true,1.0,-382.225025,0,0.0,0.0,0.0
10,2689,17.75,11199.169077,66867.017218,4897.868418,66025.372059,31929.489535,-62.232311,477.336648,-3609.869598,51.724079,41.211658,-37.626793,1.0,-1.0,1.0,0.0,0.0,0.0,0,0,0,0,0,0,0,0,0,0,0,0,0,0,0,40000.0,40000.0,40000.0,40000.0,13356.806641,40000.0,40000.0,40000.0,40000.0,40000.0,40000.0,40000.0,40000.0,40000.0,40000.0,17388.367188,13068.337891,18041.242188,40000.0,4559.571777,2948.087158,2243.134033,1900.03125,2318.669678,5000.0,3834.530792,-71279.719932,-64275.55752,0,true,true,1.0,-382.215025,0,0.0,0.0,0.0
10,2690,17.8,11202.279564,-40269.296781,4874.104052,-33099.476111,32112.454247,-60.889064,463.995411,-3635.683461,51.269363,40.999973,-38.318134,1.0,-1.0,1.0,0.0,0.0,0.0,0,0,0,0,0,0,0,0,0,0,0,0,0,0,0,40000.0,40000.0,40000.0,40000.0,13349.040039,40000.0,40000.0,40000.0,40000.0,40000.0,40000.0,40000.0,40000.0,40000.0,40000.0,17407.398438,12861.879883,17696.644531,40000.0,4592.550293,3029.327881,2289.761963,1931.28125,2326.927246,5000.0,4769.859622,-71377.591039,-64169.139565,0,true,true,1.0,-382.205025,0,0.0,0.0,0.0
10,2691,17.85,11205.537338,66863.759443,4849.40848,66050.06763,32312.612119,-58.468459,441.74011,-3649.558281,50.947979,40.846447,-38.808613,1.0,-1.0,1.0,0.0,0.0,0.0,0,0,0,0,0,0,0,0,0,0,0,0,0,0,0,40000.0,40000.0,40000.0,40000.0,13293.765625,40000.0,40000.0,40000.0,40000.0,40000.0,40000.0,40000.0,40000.0,40000.0,40000.0,17425.1875,12712.327148,17632.972656,40000.0,4626.866699,3103.071289,2334.028809,1978.546997,2346.472656,5000.0,5486.288601,-71486.981491,-64060.449687,0,true,true,1.0,-382.195025,0,0.0,0.0,0.0
10,2692,17.9,11208.008063,-40271.767506,4830.834265,-33080.901895,32470.218102,-56.569298,424.174761,-3658.139181,50.77142,40.760693,-39.078743,1.0,-1.0,1.0,0.0,0.0,0.0,0,0,0,0,0,0,0,0,0,0,0,0,0,0,0,40000.0,40000.0,40000.0,40000.0,13287.961914,40000.0,40000.0,40000.0,40000.0,40000.0,40000.0,40000.0,40000.0,40000.0,40000.0,17437.347656,12627.091797,17600.291016,40000.0,4652.552246,3153.53125,2365.491943,2001.679565,2365.858643,5000.0,5915.360647,-71574.577229,-63979.539108,0,true,true,1.0,-382.185025,0,0.0,0.0,0.0
10,2693,17.95,11210.705267,66861.06224,4810.735219,66070.166676,32649.981602,-55.234842,410.385847,-3676.530999,50.64389,40.698128,-39.274158,1.0,-1.0,1.0,0.0,0.0,0.0,0,0,0,0,0,0,0,0,0,0,0,0,0,0,0,40000.0,40000.0,40000.0,40000.0,13278.013672,40000.0,40000.0,40000.0,40000.0,40000.0,40000.0,40000.0,40000.0,40000.0,40000.0,17448.994141,12560.303711,17579.427734,40000.0,4680.12207,3202.70752,2397.473389,2026.216431,2391.381836,5000.0,6272.667975,-71676.523754,-63893.691689,0,true,true,1.0,-382.175025,0,0.0,0.0,0.0
10,2694,18.0,11213.628212,-40274.690452,4789.160913,-33059.327589,32848.443924,-53.953339,396.586038,-3696.623441,50.471455,40.65485,-39.538708,1.0,-1.0,1.0,0.0,-2.274876,-4.704858,0,0,0,0,0,0,0,0,0,0,0,0,0,0,0,40000.0,40000.0,40000.0,40000.0,13278.120117,40000.0,40000.0,40000.0,40000.0,40000.0,40000.0,40000.0,40000.0,40000.0,40000.0,17473.75,12483.342773,17560.269531,40000.0,4712.941895,3261.560059,2434.919434,2054.270996,2417.360596,5000.0,6735.143449,-71783.473871,-63795.39873,0,true,true,1.0,-382.165025,0,0.0,0.0,0.0
10,2695,18.05,11216.399376,66858.291075,4768.962816,66090.364773,33042.322089,-52.449006,379.993054,-3707.88739,50.084366,40.6703,-40.13242,1.0,-1.0,1.0,0.0,-8.36931,-7.874352,0,0,0,0,0,0,0,0,0,0,0,0,0,0,0,40000.0,40000.0,40000.0,40000.0,13327.108398,40000.0,40000.0,40000.0,40000.0,40000.0,40000.0,40000.0,40000.0,40000.0,40000.0,17549.001953,12358.165039,17537.353516,40000.0,4757.057617,3349.818604,2485.247559,2088.543457,2430.230225,5000.0,7622.938768,-71860.512419,-63675.807572,0,true,true,1.0,-382.155025,0,0.0,0.0,0.0
10,2696,18.1,11219.153051,-40277.444126,4749.302486,-33039.667258,33239.604339,-51.875804,366.487636,-3723.91261,49.354176,40.676674,-41.251453,1.0,-1.0,1.0,0.0,-9.799814,-5.81864,0,0,0,0,0,0,0,0,0,0,0,0,0,0,0,40000.0,40000.0,40000.0,40000.0,13502.519531,40000.0,40000.0,40000.0,40000.0,40000.0,40000.0,40000.0,40000.0,40000.0,40000.0,18155.328125,12142.494141,17486.484375,40000.0,4815.717773,3488.268799,2556.556641,2132.358398,2422.384033,5000.0,9171.327712,-71895.5346,-63499.99886,0,true,true,1.0,-382.145025,0,0.0,0.0,0.0
10,2697,18.15,11221.207601,66856.236525,4735.06134,66104.605918,33388.094528,-51.540055,353.434477,-3729.436388,48.571342,40.616173,-42.451336,1.0,-1.0,1.0,0.0,-11.578621,-5.812376,0,0,0,0,0,0,0,0,0,0,0,0,0,0,0,7876.050781,40000.0,40000.0,40000.0,12953.467773,40000.0,40000.0,40000.0,40000.0,40000.0,40000.0,40000.0,40000.0,40000.0,40000.0,40000.0,12143.913086,17419.390625,40000.0,4860.024902,3630.585205,2624.513916,2170.88916,2401.469727,5000.0,10773.054163,-71886.424561,-63309.741841,0,true,true,1.0,-382.135025,0,0.0,0.0,0.0
10,2698,18.2,11224.055576,-40280.292101,4716.206729,-33020.812648,33593.342793,-52.123808,336.895534,-3740.016373,47.217869,40.372349,-44.531124,1.0,-1.0,1.0,0.0,-11.844877,-3.803843,0,0,0,0,0,0,0,0,0,0,0,0,0,0,0,7510.393555,40000.0,40000.0,40000.0,13134.091797,14290.124023,40000.0,40000.0,40000.0,40000.0,40000.0,40000.0,40000.0,40000.0,40000.0,40000.0,12730.703125,17284.041016,40000.0,5642.659668,3885.184082,2737.479248,2230.563232,2354.893311,5000.0,13493.807707,-71819.662836,-62933.662707,0,true,true,1.0,-382.125025,0,0.0,0.0,0.0
10,2699,18.25,11226.91329,66853.378811,4698.608248,66122.2044,33794.791435,-53.858637,321.292961,-3753.131988,45.622143,39.902668,-47.000347,1.0,-1.0,1.0,0.0,-10.286116,-2.444226,0,0,0,0,0,0,0,0,0,0,0,0,0,0,0,2923.533203,40000.0,40000.0,40000.0,14719.793945,13703.935547,40000.0,40000.0,40000.0,40000.0,40000.0,40000.0,40000.0,40000.0,40000.0,40000.0,16294.232422,16347.094727,40000.0,6798.265137,4218.247559,2872.76709,2296.671387,2293.018066,5000.0,16688.329034,-71682.475246,-62391.096408,0,true,true,1.0,-382.115025,0,0.0,0.0,0.0
10,2700,18.3,11229.112443,-40282.491253,4686.108079,-33008.312479,33944.972525,-55.579819,307.945408,-3760.610894,44.337376,39.408348,-49.008377,1.0,-1.0,1.0,0.0,-8.276088,-2.210092,0,0,0,0,0,0,0,0,0,0,0,0,0,0,0,2811.326172,40000.0,40000.0,40000.0,40000.0,13121.625,40000.0,40000.0,40000.0,40000.0,40000.0,40000.0,40000.0,40000.0,40000.0,40000.0,16722.580078,15606.107422,40000.0,40000.0,4528.187012,2989.275146,2350.605957,2242.172119,5000.0,19286.690486,-71533.940272,-61862.05396,0,true,true,1.0,-382.105025,0,0.0,0.0,0.0
10,2701,18.35,11232.111154,66850.380099,4670.617215,66137.695264,34141.32435,-58.664517,289.823625,-3771.50886,42.641884,38.632938,-51.69408,1.0,-1.0,1.0,0.0,0.0,0.0,0,0,0,0,0,0,0,0,0,0,0,0,0,0,0,2672.944824,40000.0,40000.0,40000.0,40000.0,12649.242188,40000.0,40000.0,40000.0,40000.0,40000.0,40000.0,40000.0,40000.0,40000.0,40000.0,16749.708984,12583.696289,17566.351562,40000.0,4664.765137,3160.796387,2426.702637,2176.630615,5000.0,22786.274472,-71283.114984,-61023.663531,0,true,true,1.0,-382.095025,0,0.0,0.0,0.0
10,2702,18.4,11235.435006,-40285.815105,4655.541681,-32993.236945,34347.10219,-62.177716,267.395111,-3776.709662,41.392082,37.995865,-53.705753,1.0,-1.0,1.0,0.0,0.0,0.0,0,0,0,0,0,0,0,0,0,0,0,0,0,0,0,2585.538818,40000.0,40000.0,40000.0,40000.0,12651.694336,40000.0,40000.0,40000.0,40000.0,40000.0,40000.0,40000.0,40000.0,40000.0,40000.0,16787.207031,12058.061523,17000.865234,40000.0,4688.958496,3313.242432,2494.674561,2136.541016,5000.0,25471.359744,-71078.536531,-60267.112992,0,true,true,1.0,-382.085025,0,0.0,0.0,0.0
10,2703,18.45,11238.900637,66846.914469,4641.922407,66151.314538,34548.215737,-66.725866,248.14419,-3789.388272,40.526031,37.521099,-55.117954,1.0,-1.0,1.0,0.0,0.0,0.0,0,0,0,0,0,0,0,0,0,0,0,0,0,0,0,2533.538574,40000.0,40000.0,40000.0,40000.0,12346.389648,40000.0,40000.0,40000.0,40000.0,40000.0,40000.0,40000.0,40000.0,40000.0,40000.0,16911.642578,11711.447266,16812.701172,40000.0,4712.349609,3437.683594,2550.794678,2128.585449,5000.0,27405.255225,-70937.227118,-59651.696609,0,true,true,1.0,-382.075025,0,0.0,0.0,0.0
10,2704,18.5,11242.54229,-40289.456759,4629.572678,-32980.887216,34746.566907,-71.466204,229.193062,-3801.411675,39.917145,37.169983,-56.120583,1.0,-1.0,1.0,0.0,0.0,0.0,0,0,0,0,0,0,0,0,0,0,0,0,0,0,0,2502.697998,40000.0,40000.0,40000.0,40000.0,12081.711914,40000.0,40000.0,40000.0,40000.0,40000.0,40000.0,40000.0,40000.0,40000.0,40000.0,17506.576172,11474.035156,16684.841797,40000.0,4715.098145,3538.605713,2597.245117,2168.234863,5000.0,28819.46104,-70850.584188,-59154.623149,0,true,true,1.0,-382.065025,0,0.0,0.0,0.0
10,2705,18.55,11245.395563,66844.061196,4621.077146,66159.81007,34893.975149,-74.91098,214.910236,-3808.553108,39.579166,36.968643,-56.680824,1.0,-1.0,1.0,0.0,0.0,0.0,0,0,0,0,0,0,0,0,0,0,0,0,0,0,0,2488.481445,40000.0,40000.0,40000.0,40000.0,11567.230469,40000.0,40000.0,40000.0,40000.0,40000.0,40000.0,40000.0,40000.0,40000.0,40000.0,40000.0,11540.256836,16615.255859,40000.0,4867.571777,3601.597168,2626.910156,2184.564453,5000.0,29634.707707,-70814.872368,-58844.575829,0,true,true,1.0,-382.055025,0,0.0,0.0,0.0
10,2706,18.6,11249.608416,-40293.669612,4610.121749,-32969.931819,35101.206904,-79.288226,194.382767,-3814.047403,39.246147,36.765625,-57.235546,1.0,-1.0,1.0,0.0,0.0,0.0,0,0,0,0,0,0,0,0,0,0,0,0,0,0,0,2478.528809,40000.0,40000.0,40000.0,40000.0,11491.34082,40000.0,40000.0,40000.0,40000.0,40000.0,40000.0,40000.0,40000.0,40000.0,40000.0,40000.0,11667.229492,16547.457031,40000.0,5053.483887,3672.589355,2661.609375,2204.960205,5000.0,30481.800228,-70805.60092,-58492.998199,0,true,true,1.0,-382.045025,0,0.0,0.0,0.0
10,2707,18.65,11253.953212,66839.716401,4600.438579,66169.493239,35303.336666,-83.74273,176.193853,-3821.964749,39.008842,36.618088,-57.632523,1.0,-1.0,1.0,0.0,0.0,0.0,0,0,0,0,0,0,0,0,0,0,0,0,0,0,0,2474.28833,40000.0,40000.0,40000.0,40000.0,11536.086914,40000.0,40000.0,40000.0,40000.0,40000.0,40000.0,40000.0,40000.0,40000.0,40000.0,40000.0,11762.982422,16499.298828,40000.0,5203.783691,3730.167236,2690.768799,2222.866699,5000.0,31122.240277,-70822.533669,-58203.459811,0,true,true,1.0,-382.035025,0,0.0,0.0,0.0
10,2708,18.7,11258.450899,-40298.1673,4591.820875,-32961.314114,35502.460757,-88.250341,159.795322,-3831.76608,38.839157,36.511101,-57.917263,1.0,-1.0,1.0,0.0,0.0,0.0,0,0,0,0,0,0,0,0,0,0,0,0,0,0,0,2473.64624,7645.21875,40000.0,40000.0,40000.0,11546.210938,40000.0,40000.0,40000.0,40000.0,40000.0,40000.0,40000.0,40000.0,40000.0,40000.0,40000.0,11835.212891,16464.457031,40000.0,5325.424316,3777.468018,2715.657715,2238.905518,5000.0,31615.559504,-70859.452733,-57959.713985,0,true,true,1.0,-382.025025,0,0.0,0.0,0.0
10,2709,18.75,11262.377148,66835.790151,4585.288504,66176.025611,35670.196672,-91.090696,145.341587,-3833.065974,38.746502,36.452148,-58.073059,1.0,-1.0,1.0,0.0,0.0,0.0,0,0,0,0,0,0,0,0,0,0,0,0,0,0,0,2475.932373,7624.966309,40000.0,40000.0,40000.0,11551.522461,40000.0,40000.0,40000.0,40000.0,40000.0,40000.0,40000.0,40000.0,40000.0,40000.0,40000.0,11877.595703,16444.783203,40000.0,5404.086426,3809.255127,2733.379395,2250.972412,5000.0,31922.20295,-70907.576983,-57789.189781,0,true,true,1.0,-382.015025,0,0.0,0.0,0.0
10,2710,18.8,11267.287549,-40303.077701,4578.158823,-32954.184434,35871.279287,-95.07289,130.327384,-3840.536867,38.552967,36.402615,-58.398891,1.0,-1.0,1.0,0.0,-6.190195,-7.642996,0,0,0,0,0,0,0,0,0,0,0,0,0,0,0,2473.327637,7574.66748,40000.0,40000.0,40000.0,11577.246094,12825.226562,40000.0,40000.0,40000.0,40000.0,40000.0,40000.0,40000.0,40000.0,40000.0,40000.0,11968.707031,16420.25,40000.0,5547.378906,3863.508057,2761.38916,2268.731201,5000.0,32467.415195,-70907.479693,-57552.769287,0,true,true,1.0,-382.005025,0,0.0,0.0,0.0
10,2711,18.85,11272.503809,66830.573891,4571.684389,66182.500045,36076.797254,-99.373478,115.996986,-3848.754246,38.095428,36.329525,-59.169762,1.0,-1.0,1.0,0.0,-8.353386,-7.271653,0,0,0,0,0,0,0,0,0,0,0,0,0,0,0,2454.030273,7444.21582,40000.0,40000.0,40000.0,11650.925781,12793.415039,40000.0,40000.0,40000.0,40000.0,40000.0,40000.0,40000.0,40000.0,40000.0,40000.0,14675.111328,16338.641602,40000.0,5857.729492,3969.666016,2809.975098,2295.774902,5000.0,33584.677028,-70752.078982,-57170.597516,0,true,true,1.0,-381.995025,0,0.0,0.0,0.0
10,2712,18.9,11276.638494,-40307.212385,4567.260008,-32949.760053,36234.014655,-102.616318,104.984509,-3852.073673,37.537075,36.204929,-60.112095,1.0,-1.0,1.0,0.0,-12.334935,-9.049752,0,0,0,0,0,0,0,0,0,0,0,0,0,0,0,2425.516357,7282.999023,40000.0,40000.0,40000.0,11689.421875,12831.347656,40000.0,40000.0,40000.0,40000.0,40000.0,40000.0,40000.0,40000.0,40000.0,40000.0,14992.757812,15973.875,40000.0,6259.942871,4095.134766,2863.418213,2323.065186,5000.0,34889.092534,-70514.496346,-56734.109177,0,true,true,1.0,-381.985025,0,0.0,0.0,0.0
10,2713,18.95,11282.197039,66825.015346,4562.195257,66187.564796,36436.701882,-107.52667,90.962705,-3856.207828,36.499386,35.877377,-61.871513,1.0,-1.0,1.0,0.0,-10.227982,-5.744483,0,0,0,0,0,0,0,0,0,0,0,0,0,0,0,2368.593506,3002.239014,40000.0,40000.0,40000.0,11899.964844,12834.162109,40000.0,40000.0,40000.0,40000.0,40000.0,40000.0,40000.0,40000.0,40000.0,40000.0,15614.875977,15329.49707,40000.0,40000.0,4338.000977,2959.865479,2368.797119,5000.0,37264.394754,-70020.028163,-55898.124365,0,true,true,1.0,-381.975025,0,0.0,0.0,0.0
10,2714,19.0,11288.095865,-40313.111211,4557.846755,-32945.411551,36640.920235,-113.895402,76.753434,-3862.244015,35.255779,35.345184,-64.000687,1.0,-1.0,1.0,0.0,-10.540673,-3.597715,0,0,0,0,0,0,0,0,0,0,0,0,0,0,0,2299.637451,2883.522461,40000.0,40000.0,40000.0,13391.297852,12558.050781,40000.0,40000.0,40000.0,40000.0,40000.0,40000.0,40000.0,40000.0,40000.0,40000.0,15838.62207,14605.370117,40000.0,40000.0,4549.646973,3081.026855,2422.930664,5000.0,40111.991195,-69379.471158,-54784.046102,0,true,true,1.0,-381.965025,0,0.0,0.0,0.0
10,2715,19.05,11294.49348,66818.61773,4554.220535,66191.191015,36849.627774,-121.557352,61.384146,-3867.598461,33.90303,34.543018,-66.3536,1.0,-1.0,1.0,0.0,-11.277785,-0.446645,0,0,0,0,0,0,0,0,0,0,0,0,0,0,0,2223.750732,2737.798096,40000.0,40000.0,40000.0,40000.0,11860.825195,40000.0,40000.0,40000.0,40000.0,40000.0,40000.0,40000.0,40000.0,40000.0,40000.0,15846.762695,11834.162109,16589.167969,40000.0,4552.246582,3223.428223,2482.678955,5000.0,43257.515593,-68651.462136,-53360.727789,0,true,true,1.0,-381.955025,0,0.0,0.0,0.0
10,2716,19.1,11301.040592,-40319.658323,4551.555828,-32942.746843,37049.328242,-130.21514,45.608377,-3873.766847,32.539677,33.409187,-68.782997,1.0,-1.0,1.0,0.0,-11.681124,1.935334,0,0,0,0,0,0,0,0,0,0,0,0,0,0,0,2142.026123,2594.323975,40000.0,40000.0,40000.0,40000.0,11336.035156,40000.0,40000.0,40000.0,40000.0,40000.0,40000.0,40000.0,40000.0,40000.0,40000.0,15833.606445,11211.881836,16024.459961,40000.0,4547.414062,3380.607422,2543.385254,5000.0,46521.742104,-67907.523931,-51607.203122,0,true,true,1.0,-381.945025,0,0.0,0.0,0.0
10,2717,19.15,11306.34273,66813.315592,4550.107229,66192.639614,37201.852215,-137.144354,32.340227,-3876.380484,31.533903,32.286442,-70.629692,1.0,-1.0,1.0,0.0,-11.128887,0.979902,0,0,0,0,0,0,0,0,0,0,0,0,0,0,0,2168.506836,2488.776367,40000.0,40000.0,40000.0,40000.0,11354.563477,40000.0,40000.0,40000.0,40000.0,40000.0,40000.0,40000.0,40000.0,40000.0,40000.0,16342.84668,10755.69043,15719.553711,40000.0,4694.277832,3508.413086,2589.010254,5000.0,49030.758783,-67374.173763,-50013.007812,0,true,true,1.0,-381.935025,0,0.0,0.0,0.0
10,2718,19.2,11314.168897,-40327.48449,4549.026935,-32941.666548,37413.540874,-146.824092,11.985945,-3876.186895,30.336866,30.698837,-72.912125,1.0,-1.0,1.0,0.0,0.0,0.0,0,0,0,0,0,0,0,0,0,0,0,0,0,0,0,2185.146484,2365.800537,7219.275391,40000.0,40000.0,40000.0,10758.365234,11942.589844,40000.0,40000.0,40000.0,40000.0,40000.0,40000.0,40000.0,40000.0,40000.0,40000.0,11100.200195,15351.15332,40000.0,5264.623047,3686.393555,2650.350098,5000.0,52158.881585,-66710.029369,-47764.634543,0,true,true,1.0,-381.925025,0,0.0,0.0,0.0
10,2719,19.25,11322.269962,66805.214527,4549.075952,66192.590596,37617.242757,-158.257662,-8.835007,-3883.647644,29.523582,29.512615,-74.528648,1.0,-1.0,1.0,0.0,0.0,0.0,0,0,0,0,0,0,0,0,0,0,0,0,0,0,0,2201.446289,2284.490967,6865.850098,40000.0,40000.0,40000.0,10849.150391,11888.490234,40000.0,40000.0,40000.0,40000.0,40000.0,40000.0,40000.0,40000.0,40000.0,40000.0,13708.666992,14907.698242,40000.0,5784.218262,3834.291992,2701.679688,5000.0,54394.635503,-66215.853239,-46001.450778,0,true,true,1.0,-381.915025,0,0.0,0.0,0.0
10,2720,19.3,11330.914267,-40336.128794,4550.23583,-32942.826426,37820.423457,-169.559171,-30.227119,-3889.069392,28.966934,28.644764,-75.67141,1.0,-1.0,1.0,0.0,0.0,0.0,0,0,0,0,0,0,0,0,0,0,0,0,0,0,0,2216.292236,2228.42749,4224.789551,40000.0,40000.0,40000.0,10833.573242,11388.347656,40000.0,40000.0,40000.0,40000.0,40000.0,40000.0,40000.0,40000.0,40000.0,40000.0,13970.15332,14414.991211,40000.0,6234.140625,3953.32959,2743.520508,5000.0,55995.072524,-65864.690465,-44641.807034,0,true,true,1.0,-381.905025,0,0.0,0.0,0.0
10,2721,19.35,11340.536008,66795.592786,4552.639517,66190.186909,38032.903485,-179.01094,-51.858016,-3884.997414,28.583475,28.017471,-76.478081,1.0,-1.0,1.0,0.0,0.0,0.0,0,0,0,0,0,0,0,0,0,0,0,0,0,0,0,2229.615967,2187.830811,2802.06665,40000.0,40000.0,40000.0,10872.887695,11317.19043,40000.0,40000.0,40000.0,40000.0,40000.0,40000.0,40000.0,40000.0,40000.0,40000.0,14163.203125,14081.060547,40000.0,40000.0,4047.447754,2777.307861,4967.09668,57150.135835,-65630.133126,-43591.976772,0,true,true,1.0,-381.895025,0,0.0,0.0,0.0
10,2722,19.4,11348.022431,-40343.615217,4555.172449,-32945.359358,38189.529084,-188.992909,-68.29889,-3895.042759,28.376158,27.667536,-76.921417,1.0,-1.0,1.0,0.0,0.0,0.0,0,0,0,0,0,0,0,0,0,0,0,0,0,0,0,2238.183838,2164.074707,2761.045898,40000.0,40000.0,40000.0,10899.217773,11315.319336,40000.0,40000.0,40000.0,40000.0,40000.0,40000.0,40000.0,40000.0,40000.0,40000.0,14270.540039,13901.063477,40000.0,40000.0,4103.443359,2797.827881,4810.470703,57799.570033,-65511.347555,-42969.821637,0,true,true,1.0,-381.885025,0,0.0,0.0,0.0
10,2723,19.45,11358.524276,66785.090941,4559.531162,66185.828196,38398.935958,-198.795893,-88.491431,-3895.636484,28.172665,27.31628,-77.361816,1.0,-1.0,1.0,0.0,0.0,0.0,0,0,0,0,0,0,0,0,0,0,0,0,0,0,0,2248.204834,2138.011963,2717.42627,40000.0,40000.0,40000.0,10979.72168,11284.020508,40000.0,40000.0,40000.0,40000.0,40000.0,40000.0,40000.0,40000.0,40000.0,40000.0,14361.538086,13722.852539,40000.0,40000.0,4141.612305,2820.244385,4601.063965,58465.420342,-65409.765097,-42298.290025,0,true,true,1.0,-381.875025,0,0.0,0.0,0.0
10,2724,19.5,11369.41373,-40354.504671,4564.871997,-32950.700192,38605.371302,-209.990208,-108.326806,-3903.454903,28.029715,27.064735,-77.674438,1.0,-1.0,1.0,0.0,0.0,0.0,0,0,0,0,0,0,0,0,0,0,0,0,0,0,0,2256.635254,2116.143311,2682.585693,40000.0,40000.0,40000.0,10488.867188,11273.5625,40000.0,40000.0,40000.0,40000.0,40000.0,40000.0,40000.0,40000.0,40000.0,40000.0,14344.197266,13594.90332,40000.0,40000.0,4128.842285,2838.059326,4394.628906,58960.788424,-65356.601136,-41767.893185,0,true,true,1.0,-381.865025,0,0.0,0.0,0.0
10,2725,19.55,11378.703978,66775.800693,4569.985815,66180.714378,38775.101352,-217.596785,-123.288491,-3905.382717,27.942631,26.926292,-77.866203,1.0,-1.0,1.0,0.0,-2.309769,-6.719328,0,0,0,0,0,0,0,0,0,0,0,0,0,0,0,2263.02832,2100.30835,2658.234863,40000.0,40000.0,40000.0,10382.613281,11283.783203,40000.0,40000.0,40000.0,40000.0,40000.0,40000.0,40000.0,40000.0,40000.0,40000.0,14324.691406,13516.517578,40000.0,40000.0,4119.289062,2850.56543,4224.898438,59280.087577,-65330.603602,-41419.433891,0,true,true,1.0,-381.855025,0,0.0,0.0,0.0
10,2726,19.6,11390.40653,-40366.207222,4577.014745,-32957.729123,38980.175918,-226.560145,-140.407826,-3908.196185,27.729582,26.746868,-78.337723,1.0,-1.0,1.0,0.0,-6.327637,-7.438595,0,0,0,0,0,0,0,0,0,0,0,0,0,0,0,2276.663086,2074.043213,2614.796631,40000.0,40000.0,40000.0,10439.703125,11311.899414,40000.0,40000.0,40000.0,40000.0,40000.0,40000.0,40000.0,40000.0,40000.0,40000.0,14312.492188,13360.250977,40000.0,40000.0,4109.75,2878.932373,4019.823975,59951.860696,-65105.772017,-40880.100787,0,true,true,1.0,-381.845025,0,0.0,0.0,0.0
10,2727,19.65,11402.694395,66763.512828,4584.987912,66172.741211,39187.416623,-234.875593,-156.214579,-3908.678718,27.330988,26.476362,-79.22583,1.0,-1.0,1.0,0.0,-10.274331,-9.576978,0,0,0,0,0,0,0,0,0,0,0,0,0,0,0,2300.05542,2035.687866,2547.947998,40000.0,40000.0,40000.0,10592.811523,11361.782227,40000.0,40000.0,40000.0,40000.0,40000.0,40000.0,40000.0,40000.0,40000.0,40000.0,14313.729492,13095.875977,16084.595703,40000.0,4102.526367,2930.353516,3812.583496,61123.864061,-64569.145066,-40065.247019,0,true,true,1.0,-381.835025,0,0.0,0.0,0.0
10,2728,19.7,11413.03871,-40376.551538,4592.088076,-32964.829287,39356.531197,-242.977979,-169.181095,-3912.185334,26.879623,26.136833,-80.241066,1.0,-1.0,1.0,0.0,-12.232004,-8.364532,0,0,0,0,0,0,0,0,0,0,0,0,0,0,0,2325.8125,2002.696777,2478.656494,40000.0,40000.0,40000.0,10709.201172,10960.341797,40000.0,40000.0,40000.0,40000.0,40000.0,40000.0,40000.0,40000.0,40000.0,40000.0,14321.25293,10915.145508,15518.393555,40000.0,4097.313965,2989.608154,3643.46875,62424.749457,-63923.36512,-39148.504698,0,true,true,1.0,-381.825025,0,0.0,0.0,0.0
10,2729,19.75,11426.450552,66750.100986,4601.704123,66163.125164,39567.30388,-253.111342,-184.361972,-3914.098291,26.116364,25.41692,-81.987915,1.0,-1.0,1.0,0.0,-14.759703,-5.894742,0,0,0,0,0,0,0,0,0,0,0,0,0,0,0,2369.291992,2031.598267,2369.650879,40000.0,40000.0,40000.0,40000.0,11015.927734,40000.0,40000.0,40000.0,40000.0,40000.0,40000.0,40000.0,40000.0,40000.0,40000.0,14336.484375,10514.383789,14761.803711,40000.0,4090.951172,3094.514404,3432.696045,64611.531146,-62793.944395,-37472.883764,0,true,true,1.0,-381.815025,0,0.0,0.0,0.0
10,2730,19.8,11440.414372,-40390.515359,4612.108655,-32975.233819,39777.500198,-264.42746,-199.478835,-3915.774669,25.23789,24.304443,-84.06398,1.0,-1.0,1.0,0.0,-16.518349,-3.219678,0,0,0,0,0,0,0,0,0,0,0,0,0,0,0,2421.330322,2049.147461,2249.516357,40000.0,40000.0,40000.0,40000.0,10315.236328,40000.0,40000.0,40000.0,40000.0,40000.0,40000.0,40000.0,40000.0,40000.0,40000.0,14350.449219,10064.552734,14492.262695,40000.0,4196.943848,3227.506592,3222.499756,67164.004323,-61469.838463,-35193.450617,0,true,true,1.0,-381.805025,0,0.0,0.0,0.0
10,2731,19.85,11452.228197,66738.287161,4621.167711,66154.066109,39948.790095,-271.126102,-209.501759,-3907.40747,24.526562,23.093023,-85.820557,1.0,-1.0,1.0,0.0,-13.453277,-1.231317,0,0,0,0,0,0,0,0,0,0,0,0,0,0,0,2466.189941,2062.944092,2152.715332,40000.0,40000.0,40000.0,40000.0,9599.324219,11798.245117,40000.0,40000.0,40000.0,40000.0,40000.0,40000.0,40000.0,40000.0,40000.0,14822.329102,9713.678711,14259.350586,40000.0,4546.058105,3348.950928,3051.209961,69291.045866,-60398.095516,-32922.740971,0,true,true,1.0,-381.795025,0,0.0,0.0,0.0
10,2732,19.9,11467.466297,-40405.753458,4633.141614,-32987.207723,40159.205092,-289.813747,-229.910663,-3921.339623,23.64546,21.251516,-88.135666,1.0,-1.0,1.0,0.0,0.0,0.0,0,0,0,0,0,0,0,0,0,0,0,0,0,0,0,2530.460938,2082.974365,2034.740356,2688.058594,40000.0,40000.0,40000.0,9097.830078,11213.15918,40000.0,40000.0,40000.0,40000.0,40000.0,40000.0,40000.0,40000.0,40000.0,40000.0,10059.084961,13855.727539,40000.0,5120.202637,3529.08667,2840.794922,72010.947277,-58981.449496,-29574.704694,0,true,true,1.0,-381.785025,0,0.0,0.0,0.0
10,2733,19.95,11482.592168,66723.16129,4645.327634,66141.880089,40360.321225,-303.73572,-246.41825,-3921.219437,23.187244,20.168163,-89.42305,1.0,-1.0,1.0,0.0,0.0,0.0,0,0,0,0,0,0,0,0,0,0,0,0,0,0,0,2572.100342,2097.46167,1965.94165,2565.230713,40000.0,40000.0,40000.0,9168.827148,10700.625977,40000.0,40000.0,40000.0,40000.0,40000.0,40000.0,40000.0,40000.0,40000.0,40000.0,10261.030273,13475.399414,40000.0,5523.539062,3645.36792,2639.678711,73494.50779,-58188.649706,-27519.059728,0,true,true,1.0,-381.775025,0,0.0,0.0,0.0
10,2734,20.0,11495.947115,-40419.108404,4656.282685,-32998.162774,40528.495068,-316.516055,-260.986481,-3923.306572,22.86256,19.34794,-90.378616,1.0,-1.0,1.0,0.0,0.0,0.0,0,0,0,0,0,0,0,0,0,0,0,0,0,0,0,2605.871094,2109.846436,1914.727173,2476.490723,40000.0,40000.0,40000.0,9181.880859,10683.55957,40000.0,40000.0,40000.0,40000.0,40000.0,40000.0,40000.0,40000.0,40000.0,40000.0,12222.473633,12944.852539,40000.0,40000.0,3740.023438,2471.504883,74569.39785,-57585.50341,-25933.19141,0,true,true,1.0,-381.765025,0,0.0,0.0,0.0
10,2735,20.05,11514.993818,66704.114586,4672.179942,66125.982832,40757.770724,-333.080274,-279.86143,-3923.933664,22.563208,18.54707,-91.296921,1.0,-1.0,1.0,0.0,0.0,0.0,0,0,0,0,0,0,0,0,0,0,0,0,0,0,0,2641.601562,2123.680176,1870.828979,2385.709961,40000.0,40000.0,40000.0,9250.625,10708.03418,40000.0,40000.0,40000.0,40000.0,40000.0,40000.0,40000.0,40000.0,40000.0,40000.0,12407.224609,12620.901367,40000.0,40000.0,3728.918213,2242.229248,75591.550197,-57009.694971,-24312.30751,0,true,true,1.0,-381.755025,0,0.0,0.0,0.0
10,2736,20.1,11529.350275,-40433.464861,4684.336753,-33010.319585,40922.918893,-345.211709,-293.391885,-3925.257817,22.405552,18.105984,-91.796837,1.0,-1.0,1.0,0.0,0.0,0.0,0,0,0,0,0,0,0,0,0,0,0,0,0,0,0,2662.756348,2132.237061,1885.124756,2331.875244,40000.0,40000.0,40000.0,9299.838867,10722.37793,40000.0,40000.0,40000.0,40000.0,40000.0,40000.0,40000.0,40000.0,40000.0,40000.0,12304.483398,12278.137695,40000.0,40000.0,3710.0979,2077.081055,76144.451297,-56701.132466,-23378.002081,0,true,true,1.0,-381.745025,0,0.0,0.0,0.0
10,2737,20.15,11548.978115,66684.486746,4701.155896,66109.163689,41139.873145,-360.549486,-310.368613,-3926.637174,22.254602,17.669926,-92.287155,1.0,-1.0,1.0,0.0,0.0,0.0,0,0,0,0,0,0,0,0,0,0,0,0,0,0,0,2685.00415,2141.679443,1888.241821,2271.46167,40000.0,40000.0,40000.0,9418.335938,10469.454102,40000.0,40000.0,40000.0,40000.0,40000.0,40000.0,40000.0,40000.0,40000.0,40000.0,12390.15625,12110.061523,40000.0,40000.0,3686.216309,1860.126831,76688.914945,-56409.44871,-22400.053484,0,true,true,1.0,-381.735025,0,0.0,0.0,0.0
10,2738,20.2,11564.989906,-40449.476652,4715.019616,-33024.183305,41310.786282,-370.697327,-321.850285,-3924.777342,22.173544,17.42984,-92.555527,1.0,-1.0,1.0,0.0,0.0,0.0,0,0,0,0,0,0,0,0,0,0,0,0,0,0,0,2698.350342,2147.658447,1890.596313,2230.670166,40000.0,40000.0,40000.0,9413.224609,10356.461914,40000.0,40000.0,40000.0,40000.0,40000.0,40000.0,40000.0,40000.0,40000.0,40000.0,12426.790039,12014.884766,40000.0,40000.0,3667.737061,1689.213745,76993.34595,-56262.537805,-21811.345926,0,true,true,1.0,-381.725025,0,0.0,0.0,0.0
10,2739,20.25,11586.543736,66662.932917,4733.847801,66090.335504,41532.777998,-387.230766,-339.41401,-3930.359976,22.09594,17.195889,-92.815971,1.0,-1.0,1.0,0.0,0.0,0.0,0,0,0,0,0,0,0,0,0,0,0,0,0,0,0,2712.415039,1682.057495,1479.521362,1405.256592,1430.973877,40000.0,40000.0,9451.580078,10221.09082,40000.0,40000.0,40000.0,40000.0,40000.0,40000.0,40000.0,40000.0,40000.0,40000.0,12449.598633,11918.165039,40000.0,40000.0,3643.448486,1467.222046,77296.400158,-56134.09738,-21183.764717,0,true,true,1.0,-381.715025,0,0.0,0.0,0.0
10,2740,20.3,11603.341551,-40466.274468,4748.633082,-33038.968586,41700.49052,-397.681036,-350.729997,-3931.631431,22.053877,17.067343,-92.958641,1.0,-1.0,1.0,0.0,0.0,0.0,0,0,0,0,0,0,0,0,0,0,0,0,0,0,0,2125.129639,1686.942261,1481.641235,1406.311523,1431.105347,40000.0,40000.0,9488.110352,9408.447266,40000.0,40000.0,40000.0,40000.0,40000.0,40000.0,40000.0,40000.0,40000.0,40000.0,12450.907227,11860.996094,40000.0,40000.0,3624.846191,1299.509521,77469.701383,-56075.82782,-20794.829651,0,true,true,1.0,-381.705025,0,0.0,0.0,0.0
10,2741,20.35,11626.640399,66639.634069,4769.275728,66069.692858,41926.568963,-409.765989,-363.974373,-3931.107077,21.986265,16.923098,-93.189827,1.0,-1.0,1.0,0.0,-4.024904,-6.311781,0,0,0,0,0,0,0,0,0,0,0,0,0,0,0,2138.330078,1693.094604,1485.038208,1408.01062,1431.273804,40000.0,40000.0,9544.572266,9446.727539,40000.0,40000.0,40000.0,40000.0,40000.0,40000.0,40000.0,40000.0,40000.0,40000.0,12259.966797,10413.742188,40000.0,40000.0,3194.887939,1073.43103,77740.016084,-55934.392709,-20286.729446,0,true,true,1.0,-381.695025,0,0.0,0.0,0.0
10,2742,20.4,11645.914393,-40485.548462,4786.449575,-33056.142433,42109.227629,-420.385764,-375.088728,-3933.063468,21.868319,16.727047,-93.596313,1.0,-1.0,1.0,0.0,-9.161301,-6.41781,0,0,0,0,0,0,0,0,0,0,0,0,0,0,0,2156.633789,1701.77002,1489.181274,1409.19043,1429.790405,40000.0,40000.0,9611.712891,9487.640625,40000.0,40000.0,40000.0,40000.0,40000.0,40000.0,40000.0,40000.0,40000.0,40000.0,12340.776367,10314.325195,40000.0,40000.0,3245.138916,890.7724,78169.49293,-55593.379248,-19667.410257,0,true,true,1.0,-381.685025,0,0.0,0.0,0.0
10,2743,20.45,11664.685931,66620.862531,4803.232271,66052.910162,42282.5558,-427.588502,-382.612967,-3930.161555,21.693777,16.386324,-94.206383,1.0,-1.0,1.0,0.0,-11.904881,-7.103735,0,0,0,0,0,0,0,0,0,0,0,0,0,0,0,2182.783691,1713.559204,1494.174805,1409.706787,1426.332642,40000.0,40000.0,9751.241211,9531.507812,40000.0,40000.0,40000.0,40000.0,40000.0,40000.0,40000.0,40000.0,40000.0,40000.0,12488.120117,10162.633789,14649.804688,40000.0,3317.352051,717.444214,78782.857332,-55070.217296,-18770.601498,0,true,true,1.0,-381.675025,0,0.0,0.0,0.0
10,2744,20.5,11689.191739,-40510.05427,4825.186401,-33078.096564,42502.801867,-441.681083,-395.845761,-3934.526439,21.374533,15.686539,-95.35537,1.0,-1.0,1.0,0.0,-11.337791,-7.541879,0,0,0,0,0,0,0,0,0,0,0,0,0,0,0,2232.439941,1735.013062,1502.616333,1409.889404,1418.938232,1525.890259,40000.0,9885.686523,9555.738281,40000.0,40000.0,40000.0,40000.0,40000.0,40000.0,40000.0,40000.0,40000.0,40000.0,12532.171875,9897.383789,14050.530273,40000.0,3460.318604,497.19812,79885.010883,-54063.18072,-17094.929175,0,true,true,1.0,-381.665025,0,0.0,0.0,0.0
10,2745,20.55,11709.72706,66600.32721,4843.585358,66034.511205,42683.450666,-447.780761,-401.06752,-3928.209013,21.082668,14.991574,-96.450241,1.0,-1.0,1.0,0.0,-10.53704,-6.745675,0,0,0,0,0,0,0,0,0,0,0,0,0,0,0,2282.568604,1756.480957,1511.086304,1410.237305,1412.188477,1517.758667,40000.0,10002.725586,9630.495117,40000.0,40000.0,40000.0,40000.0,40000.0,40000.0,40000.0,40000.0,40000.0,40000.0,12527.513672,9660.986328,13526.651367,40000.0,3609.937012,316.549347,80890.918728,-53083.672971,-15473.373153,0,true,true,1.0,-381.655025,0,0.0,0.0,0.0
10,2746,20.6,11735.84297,-40536.17018,4866.934801,-33101.446007,42906.266819,-467.808343,-417.656928,-3939.217111,20.659292,13.882456,-98.132011,1.0,-1.0,1.0,0.0,-7.530302,-4.329924,0,0,0,0,0,0,0,0,0,0,0,0,0,0,0,2365.770752,1791.499512,1525.213867,1411.572266,1402.67334,1495.106812,40000.0,11425.648438,9227.588867,11739.115234,40000.0,40000.0,40000.0,40000.0,40000.0,40000.0,40000.0,40000.0,40000.0,12424.411133,9327.507812,12802.066406,20982.568359,3870.167725,93.733185,82350.627068,-51537.220341,-12950.67512,0,true,true,1.0,-381.645025,0,0.0,0.0,0.0
10,2747,20.65,11739.344902,66596.825279,4878.048371,66023.397636,42945.57984,124.798018,-179.954706,615.138913,21.032116,14.003981,-98.436157,1.0,-1.0,1.0,0.0,-6.477552,-3.550658,0,0,0,0,0,0,0,0,0,0,0,0,0,0,0,2375.147949,1793.194824,1523.704224,1408.028809,1397.196411,1487.10083,40000.0,10926.811523,9265.177734,11286.823242,40000.0,40000.0,40000.0,40000.0,40000.0,40000.0,40000.0,40000.0,40000.0,12443.522461,9288.18457,12704.246094,21037.5625,3911.057373,54.420158,82632.488785,-50988.319626,-13323.18189,0,true,true,1.0,-411.768285,0,0.0,0.0,0.0
10,2748,20.7,11732.309063,-40529.134342,4888.193822,-33111.591458,42912.935826,117.657242,-169.657939,524.689693,21.032116,14.003981,-98.436157,1.0,-1.0,1.0,0.0,-5.440124,-3.048346,0,0,0,0,0,0,0,0,0,0,0,0,0,0,0,2353.805908,1777.080078,1510.010376,1395.373657,1384.638062,1473.733765,40000.0,11496.15625,9267.649414,11201.506836,40000.0,40000.0,40000.0,40000.0,40000.0,40000.0,40000.0,40000.0,40000.0,12445.932617,9302.369141,12723.591797,20902.664062,3875.835205,87.064171,82615.853407,-50985.619412,-13353.743924,0,true,true,1.0,-411.758285,0,0.0,0.0,0.0
10,2749,20.75,11726.695869,66602.438473,4896.287868,66015.30359,42889.45301,111.949378,-161.427383,452.482242,21.032116,14.003981,-98.436157,1.0,-1.0,1.0,0.0,-6.311842,-3.45108,0,0,0,0,0,0,0,0,0,0,0,0,0,0,0,2336.779541,1764.223999,1499.085571,1385.277588,1374.619141,1463.069702,40000.0,11498.464844,9269.620117,11151.698242,40000.0,40000.0,40000.0,40000.0,40000.0,40000.0,40000.0,40000.0,40000.0,12447.889648,9313.652344,12739.026367,20838.302734,3847.806885,110.546989,82603.201332,-50984.356842,-13375.807357,0,true,true,1.0,-411.748285,0,0.0,0.0,0.0
10,2750,20.8,11722.161772,-40524.600245,4902.825888,-33118.129479,42872.235168,107.351218,-154.796985,394.20652,21.032116,14.003981,-98.436157,1.0,-1.0,1.0,0.0,-3.575875,-1.787938,0,0,0,0,0,0,0,0,0,0,0,0,0,0,0,2323.026611,1753.839478,1490.26123,1377.122437,1366.526489,1454.455933,40000.0,11500.329102,9271.212891,11145.879883,40000.0,40000.0,40000.0,40000.0,40000.0,40000.0,40000.0,40000.0,40000.0,12449.443359,9322.766602,12751.493164,20831.705078,3825.167236,127.764832,82593.405148,-50983.946582,-13392.043869,0,true,true,1.0,-411.738285,0,0.0,0.0,0.0
10,2751,20.85,11716.1513,66608.448945,4911.492795,66006.636684,42852.169976,101.252196,-146.002394,316.941577,21.032116,14.003981,-98.436157,1.0,-1.0,1.0,0.0,0.0,0.0,0,0,0,0,0,0,0,0,0,0,0,0,0,0,0,2304.795898,1740.074097,1478.563599,1366.312256,1355.79895,1443.037598,40000.0,11502.800781,9273.324219,11042.263672,40000.0,40000.0,40000.0,40000.0,40000.0,40000.0,40000.0,40000.0,40000.0,12451.50293,9334.848633,12768.020508,20822.960938,3795.15625,147.830017,82581.086832,-50984.363506,-13411.068542,0,true,true,1.0,-411.728285,0,0.0,0.0,0.0
10,2752,20.9,11711.742953,-40520.191898,4917.849488,-33124.486172,42839.655566,96.776547,-139.548651,260.265569,21.032116,14.003981,-98.436157,1.0,-1.0,1.0,0.0,0.0,0.0,0,0,0,0,0,0,0,0,0,0,0,0,0,0,0,2291.424805,1729.978027,1469.984375,1358.383667,1347.93103,1434.663086,40000.0,11504.613281,9274.87207,11035.451172,40000.0,40000.0,40000.0,40000.0,40000.0,40000.0,40000.0,40000.0,40000.0,12453.013672,9343.709961,12780.142578,20816.546875,3773.145264,160.344437,82572.584963,-50985.436189,-13423.027602,0,true,true,1.0,-411.718285,0,0.0,0.0,0.0
10,2753,20.95,11706.808541,66613.383358,4924.964752,65999.521421,42828.167194,91.751459,-132.302637,196.787662,21.032116,14.003981,-98.436157,1.0,-1.0,1.0,0.0,0.0,0.0,0,0,0,0,0,0,0,0,0,0,0,0,0,0,0,2276.512451,1718.67749,1460.38147,1349.509277,1339.12439,1425.289307,40000.0,11506.642578,9276.605469,11027.826172,40000.0,40000.0,40000.0,40000.0,40000.0,40000.0,40000.0,40000.0,40000.0,12454.706055,9353.628906,12793.711914,20809.367188,3748.508301,171.832809,82563.678207,-50987.514208,-13434.132089,0,true,true,1.0,-411.708285,0,0.0,0.0,0.0
10,2754,21.0,11701.986692,-40515.370049,4931.917702,-33131.439123,42819.588037,86.863054,-125.253716,134.800098,21.032116,14.003981,-98.436157,1.0,-1.0,1.0,0.0,0.0,0.0,0,0,0,0,0,0,0,0,0,0,0,0,0,0,0,2261.887939,1707.63501,1450.997803,1340.837402,1330.518921,1416.129639,40000.0,11508.625,9278.298828,11020.375,40000.0,40000.0,40000.0,40000.0,40000.0,40000.0,40000.0,40000.0,40000.0,12456.358398,9363.322266,12806.972656,20802.349609,3724.434082,180.411957,82555.615213,-50990.466623,-13442.585908,0,true,true,1.0,-411.698285,0,0.0,0.0,0.0
10,2755,21.05,11698.461082,66616.908968,4937.001518,65994.437605,42815.229554,83.28753,-120.097926,89.474452,21.032116,14.003981,-98.436157,0.0,-1.0,1.0,0.0,0.0,0.0,0,0,0,0,0,0,0,0,0,0,0,0,0,0,0,2251.195312,1699.561279,1444.136963,1334.496948,1324.226929,1409.432495,40000.0,11510.075195,9279.537109,11014.926758,40000.0,40000.0,40000.0,40000.0,40000.0,40000.0,40000.0,40000.0,40000.0,12457.567383,9370.410156,12816.667969,20797.220703,3706.832031,184.770447,82550.18302,-50993.291983,-13447.03339,0,true,true,1.0,-411.688285,0,0.0,0.0,0.0
10,2756,21.1,11693.931439,-40510.840406,4943.533117,-33137.970722,42812.254741,78.692945,-113.472683,31.240073,21.032116,14.003981,-98.436157,0.0,-1.0,1.0,0.0,0.0,0.0,0,0,0,0,0,0,0,0,0,0,0,0,0,0,0,2237.457764,1689.188477,1435.322388,1326.351074,1316.143311,1400.828369,40000.0,11511.9375,9281.12793,10995.161133,40000.0,40000.0,40000.0,40000.0,40000.0,40000.0,40000.0,40000.0,40000.0,12459.121094,9379.473633,12829.066406,20790.630859,3684.128174,187.745255,82543.839027,-50997.836009,-13450.370236,0,true,true,1.0,-411.678285,0,0.0,0.0,0.0
10,2757,21.15,11695.962417,66614.877989,4947.928475,65990.042247,42962.507073,257.732941,-12.881936,480.762024,20.491108,13.213323,-98.614944,0.0,0.0,0.0,0.0,0.0,0.0,0,0,0,0,0,0,0,0,0,0,0,0,0,0,0,2236.812744,1685.728271,1430.744019,1320.966064,1309.690308,1392.750732,40000.0,10867.939453,9267.845703,10546.208008,40000.0,40000.0,40000.0,40000.0,40000.0,40000.0,40000.0,40000.0,40000.0,12426.100586,9321.383789,12724.053711,20933.539062,3697.658203,37.492928,82645.368325,-51328.079251,-11712.188765,0,true,true,1.0,-411.668285,0,0.0,0.0,0.0
10,2758,21.2,11697.834857,-40512.712846,4949.626983,-33139.66923,42962.425541,-82.11113,-71.37323,-0.259765,20.061668,12.536622,-98.757011,0.0,0.0,0.0,0.0,0.0,0.0,0,0,0,0,0,0,0,0,0,0,0,0,0,0,0,2238.804932,1684.821899,1428.67041,1318.109375,1306.00415,1387.874634,40000.0,10863.501953,9257.329102,10497.217773,40000.0,40000.0,40000.0,40000.0,40000.0,40000.0,40000.0,40000.0,40000.0,12285.695312,9273.963867,12639.291992,20883.0,3712.585449,37.574459,82681.096261,-51554.266051,-10369.090175,0,true,true,1.0,-411.658285,0,0.0,0.0,0.0
10,2759,21.25,11701.480018,66611.232827,4952.776835,65986.892395,42962.444483,-69.939751,-60.90802,-0.282059,20.190462,12.641166,-98.722122,0.0,0.0,0.0,0.0,0.0,0.0,0,0,0,0,0,0,0,0,0,0,0,0,0,0,0,2238.533203,1685.209717,1429.319946,1318.940308,1307.037109,1389.207397,40000.0,10868.932617,9262.417969,10511.685547,40000.0,40000.0,40000.0,40000.0,40000.0,40000.0,40000.0,40000.0,40000.0,12397.628906,9279.648438,12651.949219,20880.210938,3709.263916,37.555515,82660.978871,-51523.630299,-10634.801307,0,true,true,1.0,-411.648285,0,0.0,0.0,0.0
10,2760,21.3,11705.362793,-40516.59562,4956.132444,-33143.024839,42962.466897,-58.161404,-50.729279,-0.280417,20.340725,12.763347,-98.681046,0.0,0.0,0.0,0.0,0.0,0.0,0,0,0,0,0,0,0,0,0,0,0,0,0,0,0,2238.136719,1685.607422,1430.034668,1319.872437,1308.208252,1390.728882,40000.0,10874.635742,9269.685547,10528.245117,40000.0,40000.0,40000.0,40000.0,40000.0,40000.0,40000.0,40000.0,40000.0,12395.386719,9286.716797,12667.379883,20877.449219,3705.239258,37.533104,82637.229316,-51487.389974,-10945.135516,0,true,true,1.0,-411.638285,0,0.0,0.0,0.0
10,2761,21.35,11707.888022,66608.707598,4958.315517,65984.709321,42962.484655,-50.78735,-44.336231,-0.270148,20.458185,12.859001,-98.648666,0.0,0.0,0.0,0.0,0.0,0.0,0,0,0,0,0,0,0,0,0,0,0,0,0,0,0,2237.720703,1685.842163,1430.53125,1320.545776,1309.070557,1391.864258,40000.0,10878.21875,9274.636719,10540.658203,40000.0,40000.0,40000.0,40000.0,40000.0,40000.0,40000.0,40000.0,40000.0,12394.363281,9292.771484,12680.219727,20875.935547,3701.905029,37.515347,82618.679768,-51458.85892,-11188.077244,0,true,true,1.0,-411.628285,0,0.0,0.0,0.0
10,2762,21.4,11710.811249,-40519.518847,4960.843639,-33145.55296,42962.50979,-41.243477,-36.126457,-0.287997,20.622211,12.992781,-98.603043,0.0,0.0,0.0,0.0,0.069993,0.0,0,0,0,0,0,0,0,0,0,0,0,0,0,0,0,2237.012939,1686.080322,1431.1521,1321.421875,1310.214111,1393.388306,40000.0,10882.1875,9280.692383,10557.389648,40000.0,40000.0,40000.0,40000.0,40000.0,40000.0,40000.0,40000.0,40000.0,12393.806641,9301.880859,12699.12207,20874.599609,3697.022217,37.490211,82592.651854,-51418.615711,-11527.763581,0,true,true,1.0,-411.618285,0,0.0,0.0,0.0
10,2763,21.45,11712.717668,66606.801179,4962.493239,65983.059721,42962.530253,-34.596249,-30.438831,-0.315672,20.753908,13.100351,-98.566071,0.0,0.0,0.0,0.0,0.349965,-0.069993,0,0,0,0,0,0,0,0,0,0,0,0,0,0,0,2236.351807,1686.206177,1431.598022,1322.079102,1311.088745,1394.568726,40000.0,10884.621094,9284.932617,10570.401367,40000.0,40000.0,40000.0,40000.0,40000.0,40000.0,40000.0,40000.0,40000.0,12394.00293,9309.686523,12715.041016,20894.044922,3692.934082,37.469746,82571.578961,-51385.919518,-11800.809327,0,true,true,1.0,-411.608285,0,0.0,0.0,0.0
10,2764,21.5,11714.814782,-40521.615961,4964.308486,-33147.368207,42962.556195,-28.056671,-24.800339,-0.322808,20.918493,13.234987,-98.51944,0.0,0.0,0.0,0.0,0.279972,-0.209979,0,0,0,0,0,0,0,0,0,0,0,0,0,0,0,2235.463135,1686.321899,1432.123779,1322.87439,1312.158813,1396.022827,40000.0,10887.179688,9289.84375,10853.632812,40000.0,40000.0,40000.0,40000.0,40000.0,40000.0,40000.0,40000.0,40000.0,12394.691406,9319.830078,12735.552734,20893.822266,3687.704346,37.443806,82544.758797,-51344.382229,-12142.303446,0,true,true,1.0,-411.598285,0,0.0,0.0,0.0
10,2765,21.55,11716.156264,66605.459697,4965.470314,65981.897893,42962.576155,-23.678038,-21.041834,-0.335767,21.04343,13.337328,-98.483727,0.0,0.0,0.0,0.0,0.0,-0.279972,0,0,0,0,0,0,0,0,0,0,0,0,0,0,0,2234.734375,1686.373169,1432.494507,1323.453979,1312.949463,1397.106201,40000.0,10879.772461,9293.226562,10904.466797,40000.0,40000.0,40000.0,40000.0,40000.0,40000.0,40000.0,40000.0,40000.0,12395.595703,9327.808594,12751.629883,20893.994141,3683.632568,37.423847,82524.075253,-51312.380713,-12401.730164,0,true,true,1.0,-411.588285,0,0.0,0.0,0.0
10,2766,21.6,11717.644483,-40523.10418,4966.75985,-33148.657743,42962.601744,-19.719051,-17.5739,-0.314319,21.201496,13.46697,-98.438156,0.0,0.0,0.0,0.0,-0.431638,-0.527557,0,0,0,0,0,0,0,0,0,0,0,0,0,0,0,2233.765869,1686.407959,1432.941284,1324.169556,1313.934692,1398.464111,40000.0,10887.513672,9297.230469,10969.825195,40000.0,40000.0,40000.0,40000.0,40000.0,40000.0,40000.0,40000.0,40000.0,12397.074219,9338.268555,12772.420898,20894.517578,3678.389648,37.398258,82497.404857,-51271.241145,-12730.126649,0,true,true,1.0,-411.578285,0,0.0,0.0,0.0
10,2767,21.65,11718.61385,66604.49033,4967.600472,65981.057271,42962.621984,-16.002922,-14.434516,-0.34932,21.32501,13.568392,-98.402245,0.0,0.0,0.0,0.0,-0.478537,-0.574244,0,0,0,0,0,0,0,0,0,0,0,0,0,0,0,2232.966797,1686.407104,1433.269165,1324.71106,1314.689209,1399.511353,40000.0,10893.405273,9300.09668,11021.704102,40000.0,40000.0,40000.0,40000.0,40000.0,40000.0,40000.0,40000.0,40000.0,12398.53125,9346.712891,12789.146484,20895.199219,3674.21167,37.378017,82476.202015,-51238.612978,-12986.877689,0,true,true,1.0,-411.568285,0,0.0,0.0,0.0
10,2768,21.7,11719.6896,-40524.17993,4968.533892,-33149.591163,42962.647668,-13.44336,-12.157857,-0.318946,21.479729,13.69558,-98.35688,0.0,0.0,0.0,0.0,-0.304426,-0.304426,0,0,0,0,0,0,0,0,0,0,0,0,0,0,0,2231.933838,1686.386597,1433.666626,1325.379761,1315.627197,1400.818726,40000.0,10900.702148,9303.512695,11039.183594,40000.0,40000.0,40000.0,40000.0,40000.0,40000.0,40000.0,40000.0,40000.0,12400.594727,9357.537109,12810.519531,20896.271484,3668.912109,37.352333,82449.092294,-51197.07378,-13308.613686,0,true,true,1.0,-411.558285,0,0.0,0.0,0.0
10,2769,21.75,11720.630298,66603.549631,4969.351461,65980.239702,42962.662705,-9.138819,-8.5955,-0.394647,21.656431,13.841007,-98.304565,0.0,0.0,0.0,0.0,-0.349965,-0.279972,0,0,0,0,0,0,0,0,0,0,0,0,0,0,0,2230.690674,1686.321777,1434.0896,1326.118286,1316.677124,1402.293213,40000.0,10908.813477,9307.02832,11056.225586,40000.0,40000.0,40000.0,40000.0,40000.0,40000.0,40000.0,40000.0,40000.0,12403.408203,9370.322266,12835.621094,20897.910156,3662.738037,37.337296,82417.473579,-51148.798666,-13676.245186,0,true,true,1.0,-411.548285,0,0.0,0.0,0.0
10,2770,21.8,11721.217926,-40524.767558,4969.862533,-33150.102235,42962.686812,-8.150429,-7.657767,-0.354015,21.779121,13.942092,-98.267921,0.0,0.0,0.0,0.0,-0.279972,-0.209979,0,0,0,0,0,0,0,0,0,0,0,0,0,0,0,2229.811035,1686.268311,1434.378662,1326.629028,1317.406128,1403.319824,40000.0,10914.432617,9309.398438,11068.105469,40000.0,40000.0,40000.0,40000.0,40000.0,40000.0,40000.0,40000.0,40000.0,12405.458984,9379.367188,12853.40918,20899.171875,3658.324219,37.313187,82394.998072,-51114.682173,-13931.542153,0,true,true,1.0,-411.538285,0,0.0,0.0,0.0
10,2771,21.85,11721.847914,66602.919644,4970.418602,65979.683633,42962.722632,-4.190169,-4.470786,0.333585,21.870497,13.989867,-98.245689,0.0,0.0,0.0,0.0,-0.209979,-0.069993,0,0,0,0,0,0,0,0,0,0,0,0,0,0,0,2229.192871,1686.171631,1434.499268,1326.888306,1317.798462,1403.889526,40000.0,10917.522461,9310.716797,11075.035156,40000.0,40000.0,40000.0,40000.0,40000.0,40000.0,40000.0,40000.0,40000.0,12405.635742,9384.087891,12863.126953,20898.404297,3655.567627,37.277367,82379.555464,-51096.485912,-14083.190994,0,true,true,1.0,-411.528285,0,0.0,0.0,0.0
10,2772,21.9,11722.171651,-40525.091294,4970.721866,-33150.4055,42962.700586,-3.44853,-3.82484,0.818056,21.816963,13.875417,-98.275093,0.0,0.0,0.0,0.0,-0.139986,-0.069993,0,0,0,0,0,0,0,0,0,0,0,0,0,0,0,2229.698486,1686.063721,1434.13916,1326.359863,1317.095581,1402.939941,40000.0,10912.302734,9308.655273,11064.889648,40000.0,40000.0,40000.0,40000.0,40000.0,40000.0,40000.0,40000.0,40000.0,12401.056641,9374.773438,12846.010742,20893.363281,3658.702881,37.299416,82393.364707,-51130.726877,-13873.565389,0,true,true,1.0,-411.518285,0,0.0,0.0,0.0
10,2773,21.95,11722.47769,66602.613604,4971.028867,65979.376633,42962.668046,-2.763565,-3.148214,0.629008,21.665277,13.624842,-98.343925,0.0,0.0,0.0,0.0,0.0,0.0,0,0,0,0,0,0,0,0,0,0,0,0,0,0,0,2231.015381,1685.909424,1433.379272,1325.200195,1315.559326,1400.800659,40000.0,10900.585938,9304.0,11041.616211,40000.0,40000.0,40000.0,40000.0,40000.0,40000.0,40000.0,40000.0,40000.0,12392.12793,9354.250977,12807.898438,20884.029297,3666.378174,37.331955,82426.844773,-51206.862478,-13382.173473,0,true,true,1.0,-411.508285,0,0.0,0.0,0.0
10,2774,22.0,11722.624238,-40525.237842,4971.193168,-33150.569801,42962.635868,-2.339225,-2.730001,0.520844,21.506413,13.384114,-98.411171,0.0,0.0,0.0,0.0,-0.069993,0.0,0,0,0,0,0,0,0,0,0,0,0,0,0,0,0,2232.367676,1685.804688,1432.675659,1324.103149,1314.063843,1398.750977,40000.0,10889.395508,9299.580078,11003.681641,40000.0,40000.0,40000.0,40000.0,40000.0,40000.0,40000.0,40000.0,40000.0,12384.058594,9334.742188,12771.482422,20875.898438,3673.936768,37.364132,82458.680917,-51279.532457,-12897.375278,0,true,true,1.0,-411.498285,0,0.0,0.0,0.0
10,2775,22.05,11722.78263,66602.455213,4971.374784,65979.195016,42962.602117,-1.917411,-2.293862,0.416619,21.338404,13.11953,-98.483284,0.0,0.0,0.0,0.0,0.0,0.0,0,0,0,0,0,0,0,0,0,0,0,0,0,0,0,2233.811279,1685.683838,1431.912964,1322.919678,1312.453979,1396.548096,40000.0,10890.527344,9294.81543,10898.844727,40000.0,40000.0,40000.0,40000.0,40000.0,40000.0,40000.0,40000.0,40000.0,12375.361328,9313.842773,12732.601562,20867.105469,3682.076172,37.397884,82490.411733,-51357.86086,-12370.190456,0,true,true,1.0,-411.488285,0,0.0,0.0,0.0
10,2776,22.1,11722.88054,-40525.335753,4971.492261,-33150.687278,42962.582062,-1.482868,-1.911267,0.319547,21.238874,12.950664,-98.527786,0.0,0.0,0.0,0.0,0.0,-0.069993,0,0,0,0,0,0,0,0,0,0,0,0,0,0,0,2234.67627,1685.587646,1431.423706,1322.172363,1311.44397,1395.171997,40000.0,10890.027344,9291.78418,10834.897461,40000.0,40000.0,40000.0,40000.0,40000.0,40000.0,40000.0,40000.0,40000.0,12369.867188,9300.879883,12708.527344,20841.533203,3687.079102,37.417938,82508.395513,-51406.968775,-12040.673759,0,true,true,1.0,-411.478285,0,0.0,0.0,0.0
10,2777,22.15,11722.98408,66602.351673,4971.621405,65979.065872,42962.561346,-1.190289,-1.596968,0.252777,21.137531,12.766968,-98.57486,0.0,0.0,0.0,0.0,-0.069993,-0.069993,0,0,0,0,0,0,0,0,0,0,0,0,0,0,0,2235.567627,1685.466309,1430.889282,1321.366211,1310.360596,1393.70105,40000.0,10889.404297,9288.49707,10567.753906,40000.0,40000.0,40000.0,40000.0,40000.0,40000.0,40000.0,40000.0,40000.0,12363.939453,9287.150391,12683.012695,20835.371094,3692.351074,37.438652,82525.967139,-51459.702661,-11688.500364,0,true,true,1.0,-411.468285,0,0.0,0.0,0.0
10,2778,22.2,11723.062694,-40525.414367,4971.725421,-33150.791293,42962.5462,-0.906036,-1.311455,0.191307,21.065247,12.621372,-98.610809,0.0,0.0,0.0,0.0,-0.069993,-0.069993,0,0,0,0,0,0,0,0,0,0,0,0,0,0,0,2236.213867,1685.34668,1430.45813,1320.729492,1309.512695,1392.556274,40000.0,10888.792969,9285.871094,10555.959961,40000.0,40000.0,40000.0,40000.0,40000.0,40000.0,40000.0,40000.0,40000.0,12244.950195,9276.533203,12663.418945,20830.390625,3696.333008,37.4538,82538.082128,-51501.012466,-11416.771543,0,true,true,1.0,-411.458285,0,0.0,0.0,0.0
10,2779,22.25,11723.107418,66602.306949,4971.791854,65978.99944,42962.538102,-0.607798,-1.060727,0.130878,21.02968,12.53144,-98.63166,0.0,0.0,0.0,0.0,-0.069993,0.0,0,0,0,0,0,0,0,0,0,0,0,0,0,0,0,2236.540771,1685.240723,1430.17688,1320.331543,1308.992554,1391.862305,40000.0,10888.25,9284.185547,10548.93457,40000.0,40000.0,40000.0,40000.0,40000.0,40000.0,40000.0,40000.0,40000.0,12242.035156,9270.21875,12651.849609,20827.123047,3698.569336,37.461899,82544.10191,-51526.288905,-11257.413006,0,true,true,1.0,-411.448285,0,0.0,0.0,0.0
10,2780,22.3,11723.150484,-40525.457433,4971.86364,-33150.86308,42962.530678,-0.455277,-0.876475,0.098531,21.001402,12.43678,-98.652283,0.0,0.0,0.0,0.0,0.0,0.0,0,0,0,0,0,0,0,0,0,0,0,0,0,0,0,2236.812988,1685.096924,1429.865601,1319.907349,1308.41626,1391.143921,40000.0,10887.507812,9282.34375,10541.785156,40000.0,40000.0,40000.0,40000.0,40000.0,40000.0,40000.0,40000.0,40000.0,12239.446289,9263.804688,12640.183594,20823.482422,3700.699707,37.469322,82549.045146,-51552.735179,-11098.256083,0,true,true,1.0,-411.438285,0,0.0,0.0,0.0
10,2781,22.35,11723.171497,66602.285936,4971.907314,65978.955765,42962.527581,-0.193391,-0.671795,0.047326,20.994081,12.382066,-98.662949,0.0,0.0,0.0,0.0,0.0,0.0,0,0,0,0,0,0,0,0,0,0,0,0,0,0,0,2236.897217,1684.980103,1429.668579,1319.654663,1308.101685,1390.737549,40000.0,10886.901367,9281.201172,10537.869141,40000.0,40000.0,40000.0,40000.0,40000.0,40000.0,40000.0,40000.0,40000.0,12237.077148,9260.301758,12633.900391,20821.158203,3701.709229,37.47242,82550.680548,-51567.937372,-11014.748075,0,true,true,1.0,-411.428285,0,0.0,0.0,0.0
10,2782,22.4,11723.189652,-40525.475588,4971.953503,-33150.909268,42962.525236,-0.157032,-0.575195,0.038869,20.994045,12.326271,-98.672791,0.0,0.0,0.0,0.0,0.0,0.0,0,0,0,0,0,0,0,0,0,0,0,0,0,0,0,2236.92334,1684.833252,1429.453613,1319.359253,1307.781006,1390.330322,40000.0,10886.135742,9279.97168,10534.048828,40000.0,40000.0,40000.0,40000.0,40000.0,40000.0,40000.0,40000.0,40000.0,12235.113281,9256.894531,12627.866211,20818.605469,3702.556885,37.474766,82551.359159,-51583.398727,-10936.584275,0,true,true,1.0,-411.418285,0,0.0,0.0,0.0
10,2783,22.45,11723.193492,66602.282096,4971.980927,65978.928341,42962.525663,0.001423,-0.441741,0.00812,21.007401,12.296843,-98.676155,0.0,0.0,0.0,0.0,-0.069993,0.0,0,0,0,0,0,0,0,0,0,0,0,0,0,0,0,2236.827637,1684.703979,1429.31311,1319.207153,1307.610107,1390.125854,40000.0,10885.456055,9279.195312,10532.326172,40000.0,40000.0,40000.0,40000.0,40000.0,40000.0,40000.0,40000.0,40000.0,12233.959961,9255.376953,12625.321289,20816.902344,3702.673096,37.474339,82550.061107,-51591.493005,-10907.967201,0,true,true,1.0,-411.408285,0,0.0,0.0,0.0
10,2784,22.5,11723.191842,-40525.473938,4972.008741,-33150.937082,42962.527464,0.148368,-0.308775,-0.020414,21.031452,12.269714,-98.677658,0.0,0.0,0.0,0.0,-0.069993,0.0,0,0,0,0,0,0,0,0,0,0,0,0,0,0,0,2236.642822,1684.539429,1429.159668,1319.055664,1307.450806,1389.946411,40000.0,10884.586914,9278.366211,10530.992188,40000.0,40000.0,40000.0,40000.0,40000.0,40000.0,40000.0,40000.0,40000.0,12232.792969,9254.220703,12623.533203,20815.021484,3702.490234,37.472538,82547.423423,-51598.910867,-10892.665969,0,true,true,1.0,-411.398285,0,0.0,0.0,0.0
10,2785,22.55,11723.181798,66602.29214,4972.028403,65978.908679,42962.530981,0.286497,-0.189973,-0.047225,21.06542,12.255151,-98.675583,0.0,0.0,0.0,0.0,0.0,0.0,0,0,0,0,0,0,0,0,0,0,0,0,0,0,0,2236.369629,1684.368774,1429.033813,1318.953247,1307.361694,1389.865723,40000.0,10883.679688,9277.713867,10530.728516,40000.0,40000.0,40000.0,40000.0,40000.0,40000.0,40000.0,40000.0,40000.0,12231.974609,9254.032227,12623.508789,20813.443359,3701.869385,37.469017,82543.444378,-51602.800988,-10904.325062,0,true,true,1.0,-411.388285,0,0.0,0.0,0.0
10,2786,22.6,11723.166442,-40525.458582,4972.037817,-33150.946497,42962.535352,0.425814,-0.088052,-0.07423,21.101906,12.253802,-98.670837,0.0,0.0,0.0,0.0,0.0,0.0,0,0,0,0,0,0,0,0,0,0,0,0,0,0,0,2236.068359,1684.222168,1428.953003,1318.910156,1307.347656,1389.88269,40000.0,10882.896484,9277.324219,10531.420898,40000.0,40000.0,40000.0,40000.0,40000.0,40000.0,40000.0,40000.0,40000.0,12231.59375,9254.700195,12625.088867,20812.390625,3700.982422,37.464649,82539.021876,-51602.995796,-10936.87011,0,true,true,1.0,-411.378285,0,0.0,0.0,0.0
10,2787,22.65,11723.142747,66602.315835,4972.045515,65978.900982,42962.541697,0.427683,-0.047014,-0.075586,21.152891,12.258767,-98.662971,0.0,0.0,0.0,0.0,0.0,0.0,0,0,0,0,0,0,0,0,0,0,0,0,0,0,0,2235.642578,1684.034424,1428.865845,1318.881836,1307.366821,1389.956055,40000.0,10881.891602,9276.928711,10532.856445,40000.0,40000.0,40000.0,40000.0,40000.0,40000.0,40000.0,40000.0,40000.0,12231.297852,9256.051758,12628.041016,20811.228516,3699.636475,37.458302,82532.761473,-51601.327608,-10991.94969,0,true,true,1.0,-411.368285,0,0.0,0.0,0.0
10,2788,22.7,11723.115451,-40525.431286,4972.048421,-33150.949403,42962.548736,0.433279,-0.010532,-0.077317,21.207226,12.270157,-98.653496,0.0,0.0,0.0,0.0,0.0,0.0,0,0,0,0,0,0,0,0,0,0,0,0,0,0,0,2235.185059,1683.849854,1428.796265,1318.880371,1307.422363,1390.078979,40000.0,10880.898438,9276.637695,10534.807617,40000.0,40000.0,40000.0,40000.0,40000.0,40000.0,40000.0,40000.0,40000.0,12231.633789,9257.867188,12631.912109,20810.259766,3698.106445,37.451263,82526.006278,-51597.797726,-11059.188798,0,true,true,1.0,-411.358285,0,0.0,0.0,0.0
10,2789,22.75,11723.089141,66602.342145,4972.046809,65978.902593,42962.555367,0.583055,0.081594,-0.106322,21.256222,12.285604,-98.644012,0.0,0.0,0.0,0.0,0.0,0.0,0,0,0,0,0,0,0,0,0,0,0,0,0,0,0,2234.768311,1683.696289,1428.75293,1318.903198,1307.502075,1390.227783,40000.0,10880.070312,9276.487305,10536.925781,40000.0,40000.0,40000.0,40000.0,40000.0,40000.0,40000.0,40000.0,40000.0,12231.248047,9259.824219,12635.921875,20809.617188,3696.644531,37.444633,82519.831284,-51593.116793,-11127.072645,0,true,true,1.0,-411.348285,0,0.0,0.0,0.0
10,2790,22.8,11723.049618,-40525.391763,4972.040908,-33150.943501,42962.565128,0.568879,0.101756,-0.104866,21.327219,12.312429,-98.629433,0.0,0.0,0.0,0.0,0.0,0.0,0,0,0,0,0,0,0,0,0,0,0,0,0,0,0,2234.160645,1683.484497,1428.706787,1318.957275,1307.643433,1390.476318,40000.0,10878.925781,9276.365234,10540.30957,40000.0,40000.0,40000.0,40000.0,40000.0,40000.0,40000.0,40000.0,40000.0,12231.52832,9262.941406,12642.233398,20808.882812,3694.453369,37.434872,82510.780091,-51584.99258,-11231.653914,0,true,true,1.0,-411.338285,0,0.0,0.0,0.0
10,2791,22.85,11723.019526,66602.372237,4972.034877,65978.908624,42962.57254,0.621008,0.142509,-0.115674,21.380211,12.334337,-98.618187,0.0,0.0,0.0,0.0,0.0,0.0,0,0,0,0,0,0,0,0,0,0,0,0,0,0,0,2233.704834,1683.331055,1428.679688,1319.006836,1307.760132,1390.676392,40000.0,10878.094727,9276.314453,10542.972656,40000.0,40000.0,40000.0,40000.0,40000.0,40000.0,40000.0,40000.0,40000.0,12231.802734,9265.390625,12647.166992,20808.417969,3692.786377,37.42746,82503.957663,-51578.32031,-11312.348356,0,true,true,1.0,-411.328285,0,0.0,0.0,0.0
10,2792,22.9,11722.975972,-40525.34821,4972.023998,-33150.932622,42962.583219,0.0,0.0,0.0,21.455416,12.368203,-98.601669,0.0,0.0,0.0,0.0,0.0,0.0,0,0,0,0,0,0,0,0,0,0,0,0,0,0,0,2233.055176,1683.119995,1428.651733,1319.090454,1307.942505,1390.981567,40000.0,10876.948242,9276.303711,10546.958008,40000.0,40000.0,40000.0,40000.0,40000.0,40000.0,40000.0,40000.0,40000.0,12232.291016,9269.049805,12654.498047,20807.880859,3690.373535,37.416782,82494.16644,-51567.94998,-11430.748665,0,true,true,1.0,-411.318285,0,0.0,0.0,0.0
10,2793,22.95,11722.924427,66602.423782,4972.008512,65978.92411,42962.595822,0.719047,0.224304,-0.136992,21.542572,12.411047,-98.58181,0.0,0.0,0.0,0.0,0.0,0.0,0,0,0,0,0,0,0,0,0,0,0,0,0,0,0,2232.298096,1682.883911,1428.633057,1319.236572,1308.175415,1391.363403,40000.0,10875.663086,9276.370117,10551.84668,40000.0,40000.0,40000.0,40000.0,40000.0,40000.0,40000.0,40000.0,40000.0,12232.985352,9273.53125,12663.431641,20807.421875,3687.514893,37.404179,82482.651125,-51554.734378,-11572.983922,0,true,true,1.0,-411.308285,0,0.0,0.0,0.0
10,2794,23.0,11722.890213,-40525.313996,4971.99779,-33150.9219,42962.604192,0.698865,0.225824,-0.133933,21.600094,12.439884,-98.568558,0.0,0.0,0.0,0.0,0.0,0.0,0,0,0,0,0,0,0,0,0,0,0,0,0,0,0,2231.796875,1682.729126,1428.623047,1319.315186,1308.33313,1391.620605,40000.0,10874.821289,9276.426758,10555.125977,40000.0,40000.0,40000.0,40000.0,40000.0,40000.0,40000.0,40000.0,40000.0,12233.46582,9276.536133,12669.415039,20807.142578,3685.616455,37.395809,82474.9747,-51545.741612,-11667.633474,0,true,true,1.0,-411.298285,0,0.0,0.0,0.0
10,2795,23.05,11722.838153,66602.475842,4971.980011,65978.941889,42962.616975,0.816203,0.291445,-0.158078,21.686594,12.485326,-98.54818,0.0,0.0,0.0,0.0,0.0,0.0,0,0,0,0,0,0,0,0,0,0,0,0,0,0,0,2231.040039,1682.501465,1428.616089,1319.443848,1308.614746,1392.024292,40000.0,10873.579102,9276.558594,10560.222656,40000.0,40000.0,40000.0,40000.0,40000.0,40000.0,40000.0,40000.0,40000.0,12234.263672,9281.202148,12678.683594,20806.818359,3682.723633,37.383026,82463.283906,-51531.461964,-11812.856809,0,true,true,1.0,-411.288285,0,0.0,0.0,0.0
10,2796,23.1,11722.796536,-40525.272378,4971.96494,-33150.906829,42962.627212,0.893987,0.334826,-0.174597,21.755228,12.52234,-98.531784,0.0,0.0,0.0,0.0,0.0,0.0,0,0,0,0,0,0,0,0,0,0,0,0,0,0,0,2230.437744,1682.322998,1428.614624,1319.551025,1308.819946,1392.353394,40000.0,10872.604492,9278.4375,10808.862305,40000.0,40000.0,40000.0,40000.0,40000.0,40000.0,40000.0,40000.0,40000.0,12234.933594,9284.938477,12686.180664,20806.605469,3680.40918,37.372787,82453.894385,-51519.712355,-11929.409268,0,true,true,1.0,-411.278285,0,0.0,0.0,0.0
10,2797,23.15,11722.740802,66602.531576,4971.944061,65978.962768,42962.640936,0.868525,0.333092,-0.171061,21.846607,12.572674,-98.509666,0.0,0.0,0.0,0.0,0.0,0.0,0,0,0,0,0,0,0,0,0,0,0,0,0,0,0,2229.633057,1682.087524,1428.616821,1319.699707,1309.100464,1392.801392,40000.0,10871.318359,9276.879883,10838.695312,40000.0,40000.0,40000.0,40000.0,40000.0,40000.0,40000.0,40000.0,40000.0,12235.867188,9290.05957,12696.329102,20806.371094,3677.305664,37.359062,82441.236115,-51503.56383,-12086.044227,0,true,true,1.0,-411.268285,0,0.0,0.0,0.0
10,2798,23.2,11722.686387,-40525.217963,4971.923059,-33150.885827,42962.654395,0.790638,0.306404,-0.156962,21.935474,12.622485,-98.4879,0.0,0.0,0.0,0.0,0.0,0.0,0,0,0,0,0,0,0,0,0,0,0,0,0,0,0,2228.848145,1681.860474,1428.622803,1319.849365,1309.380005,1393.245972,40000.0,10870.076172,9277.09082,10868.225586,40000.0,40000.0,40000.0,40000.0,40000.0,40000.0,40000.0,40000.0,40000.0,12236.811523,9295.121094,12706.352539,20806.185547,3674.267578,37.345604,82428.756263,-51487.386603,-12239.553128,0,true,true,1.0,-411.258285,0,0.0,0.0,0.0
10,2799,23.25,11722.643694,66602.57427,4971.906116,65978.979711,42962.665026,0.847661,0.337302,-0.169674,22.0049,12.661961,-98.470734,0.0,0.0,0.0,0.0,0.0,0.0,0,0,0,0,0,0,0,0,0,0,0,0,0,0,0,2228.233154,1681.684326,1428.629883,1319.969604,1309.602783,1393.599121,40000.0,10869.111328,9277.269531,10891.647461,40000.0,40000.0,40000.0,40000.0,40000.0,40000.0,40000.0,40000.0,40000.0,12237.572266,9299.128906,12714.286133,20806.066406,3671.881348,37.334972,82418.887782,-51474.431273,-12360.246583,0,true,true,1.0,-411.248285,0,0.0,0.0,0.0
10,2800,23.3,11722.578632,-40525.152902,4971.879562,-33150.859273,42962.681273,0.807842,0.326152,-0.162883,22.110205,12.722813,-98.444405,0.0,0.0,0.0,0.0,0.0,0.0,0,0,0,0,0,0,0,0,0,0,0,0,0,0,0,2227.297363,1681.419067,1428.64502,1320.157959,1309.948242,1394.145142,40000.0,10867.658203,9277.56543,10927.787109,40000.0,40000.0,40000.0,40000.0,40000.0,40000.0,40000.0,40000.0,40000.0,12353.009766,9305.300781,12726.439453,20805.9375,3668.239258,37.318726,82403.713251,-51454.236564,-12544.649145,0,true,true,1.0,-411.238285,0,0.0,0.0,0.0
10,2801,23.35,11722.534349,66602.618553,4971.861321,65978.997952,42962.692439,0.886101,0.365244,-0.1805,22.18185,12.764521,-98.426353,0.0,0.0,0.0,0.0,0.0,0.0,0,0,0,0,0,0,0,0,0,0,0,0,0,0,0,2226.658936,1681.239258,1428.65686,1320.28833,1310.186401,1394.520874,40000.0,10866.672852,9277.776367,10952.698242,40000.0,40000.0,40000.0,40000.0,40000.0,40000.0,40000.0,40000.0,40000.0,12353.847656,9309.541992,12734.829102,20805.865234,3665.751709,37.30756,82393.255954,-51440.225569,-12670.515071,0,true,true,1.0,-411.228285,0,0.0,0.0,1.0
10,2802,23.4,11722.473059,-40525.091612,4971.835681,-33150.833633,42962.70794,0.861755,0.359242,-0.176946,22.280792,12.822589,-98.401237,0.0,0.0,0.0,0.0,0.0,0.0,0,0,0,0,0,0,0,0,0,0,0,0,0,0,0,2225.775146,1680.991699,1428.675537,1320.471924,1310.519897,1395.046143,40000.0,10865.31543,9278.082031,10987.555664,40000.0,40000.0,40000.0,40000.0,40000.0,40000.0,40000.0,40000.0,40000.0,12355.027344,9315.458984,12746.533203,20805.791016,3662.302979,37.292061,82378.632154,-51420.495551,-12844.965905,0,true,true,1.0,-411.218285,0,0.0,0.0,1.0
10,2803,23.45,11722.4055,66602.686112,4971.806917,65979.026716,42962.725193,0.958658,0.407021,-0.19905,22.389711,12.887034,-98.37336,0.0,0.0,0.0,0.0,0.0,0.0,0,0,0,0,0,0,0,0,0,0,0,0,0,0,0,2224.799316,1680.720337,1428.699097,1320.678223,1310.8927,1395.63208,40000.0,10863.826172,9278.43457,11002.953125,40000.0,40000.0,40000.0,40000.0,40000.0,40000.0,40000.0,40000.0,40000.0,12356.355469,9322.045898,12759.5625,20805.740234,3658.490479,37.274807,82362.289969,-51398.295179,-13037.69442,0,true,true,1.0,-411.208285,0,0.0,0.0,1.0
10,2804,23.5,11722.360146,-40525.046258,4971.787505,-33150.814221,42962.73683,0.899175,0.383097,-0.187778,22.462833,12.930482,-98.354523,0.0,0.0,0.0,0.0,0.0,0.0,0,0,0,0,0,0,0,0,0,0,0,0,0,0,0,2224.142578,1680.53833,1428.715942,1320.818481,1311.145508,1396.028931,40000.0,10865.038086,9278.677734,11008.021484,40000.0,40000.0,40000.0,40000.0,40000.0,40000.0,40000.0,40000.0,40000.0,12357.258789,9326.503906,12768.382812,20805.71875,3655.923584,37.263172,82351.178196,-51383.143903,-13167.310818,0,true,true,1.0,-411.198285,0,0.0,0.0,1.0
10,2805,23.55,11722.29343,66602.752827,4971.758636,65979.055584,42962.754075,0.902459,0.387972,-0.190551,22.570259,12.994679,-98.326668,0.0,0.0,0.0,0.0,0.0,0.0,0,0,0,0,0,0,0,0,0,0,0,0,0,0,0,2223.175293,1680.271606,1428.742798,1321.02771,1311.521362,1396.618164,40000.0,10868.387695,9279.047852,11015.537109,40000.0,40000.0,40000.0,40000.0,40000.0,40000.0,40000.0,40000.0,40000.0,12358.608398,9333.112305,12781.458008,20805.708984,3652.139404,37.245926,82334.642274,-51360.493365,-13358.214577,0,true,true,1.0,-411.188285,0,0.0,0.0,1.0
10,2806,23.6,11722.241091,-40524.993919,4971.735809,-33150.791393,42962.767728,1.031776,0.448226,-0.2195,22.654432,13.045196,-98.304695,0.0,0.0,0.0,0.0,0.0,0.0,0,0,0,0,0,0,0,0,0,0,0,0,0,0,0,2222.415527,1680.062988,1428.765381,1321.19397,1311.818848,1397.084229,40000.0,10871.038086,9279.34668,11021.476562,40000.0,40000.0,40000.0,40000.0,40000.0,40000.0,40000.0,40000.0,40000.0,12359.680664,9338.333984,12791.791016,20805.716797,3649.165527,37.232273,82321.512732,-51342.446871,-13508.061393,0,true,true,1.0,-411.178285,0,0.0,0.0,1.0
10,2807,23.65,11722.176212,66602.817707,4971.707349,65979.084044,42962.784718,0.95629,0.417017,-0.205039,22.758852,13.107945,-98.277313,0.0,0.0,0.0,0.0,0.0,0.0,0,0,0,0,0,0,0,0,0,0,0,0,0,0,0,2221.470703,1679.804199,1428.794312,1321.401978,1312.782837,1397.666382,40000.0,10874.348633,9279.723633,11028.892578,40000.0,40000.0,40000.0,40000.0,40000.0,40000.0,40000.0,40000.0,40000.0,12360.990234,9344.853516,12804.696289,20825.630859,3645.380371,37.215282,82305.020605,-51319.745017,-13694.030643,0,true,true,1.0,-411.168285,0,0.0,0.0,1.0
10,2808,23.7,11722.112093,-40524.9298,4971.679073,-33150.763117,42962.801657,0.963078,0.42234,-0.208603,22.862019,13.170158,-98.250076,0.0,0.0,0.0,0.0,0.0,0.0,0,0,0,0,0,0,0,0,0,0,0,0,0,0,0,2220.534912,1679.548706,1428.824585,1321.610107,1312.529785,1398.246948,40000.0,10877.649414,9280.106445,11036.282227,40000.0,40000.0,40000.0,40000.0,40000.0,40000.0,40000.0,40000.0,40000.0,12362.333984,9351.347656,12817.557617,20825.666016,3641.717285,37.198341,82288.496188,-51296.938046,-13878.026763,0,true,true,1.0,-411.158285,0,0.0,0.0,1.0
10,2809,23.75,11722.05927,66602.87053,4971.655591,65979.107527,42962.815746,1.020722,0.449917,-0.222775,22.947142,13.221527,-98.227509,0.0,0.0,0.0,0.0,0.0,0.0,0,0,0,0,0,0,0,0,0,0,0,0,0,0,0,2219.76123,1679.338013,1428.850464,1321.783325,1312.838135,1398.729004,40000.0,10880.389648,9280.426758,11042.416992,40000.0,40000.0,40000.0,40000.0,40000.0,40000.0,40000.0,40000.0,40000.0,12363.451172,9356.739258,12828.237305,20825.701172,3638.689697,37.184254,82274.696161,-51277.872066,-14029.86123,0,true,true,1.0,-411.148285,0,0.0,0.0,1.0
10,2810,23.8,11721.990451,-40524.860981,4971.62491,-33150.732437,42962.834171,0.968504,0.428361,-0.213194,23.057873,13.288516,-98.197975,0.0,0.0,0.0,0.0,0.0,0.0,0,0,0,0,0,0,0,0,0,0,0,0,0,0,0,2218.752197,1679.063965,1428.885498,1322.011108,1313.242676,1399.361084,40000.0,10883.983398,9280.851562,11050.457031,40000.0,40000.0,40000.0,40000.0,40000.0,40000.0,40000.0,40000.0,40000.0,12364.920898,9363.803711,12842.236328,20825.763672,3634.741455,37.165829,82256.512003,-51252.702959,-14227.559316,0,true,true,1.0,-411.138285,0,0.0,0.0,1.0
10,2811,23.85,11721.938804,66602.922177,4971.601781,65979.130656,42962.848127,1.026267,0.455704,-0.227651,23.140999,13.338835,-98.175697,0.0,0.0,0.0,0.0,0.0,0.0,0,0,0,0,0,0,0,0,0,0,0,0,0,0,0,2217.99292,1678.858154,1428.912476,1322.18335,1313.54834,1399.838623,40000.0,10886.697266,9281.175781,11056.530273,40000.0,40000.0,40000.0,40000.0,40000.0,40000.0,40000.0,40000.0,40000.0,12366.033203,9369.138672,12852.814453,20825.816406,3631.771973,37.151875,82242.693489,-51233.56217,-14375.978383,0,true,true,1.0,-411.128285,0,0.0,0.0,1.0
10,2812,23.9,11721.871251,-40524.793429,4971.571478,-33150.702133,42962.866488,0.984754,0.438603,-0.220592,23.249807,13.404897,-98.146378,0.0,0.0,0.0,0.0,0.0,0.0,0,0,0,0,0,0,0,0,0,0,0,0,0,0,0,2216.996826,1678.588989,1428.949341,1322.411499,1313.952026,1400.46875,40000.0,10891.110352,9281.609375,11159.126953,40000.0,40000.0,40000.0,40000.0,40000.0,40000.0,40000.0,40000.0,40000.0,12367.505859,9376.175781,12866.769531,20825.902344,3627.875244,37.133511,82224.376605,-51208.143006,-14570.484489,0,true,true,1.0,-411.118285,0,0.0,0.0,1.0
10,2813,23.95,11721.813977,66602.979451,4971.545684,65979.156449,42962.882193,1.027668,0.45916,-0.231698,23.342079,13.460998,-98.121376,0.0,0.0,0.0,0.0,0.0,0.0,0,0,0,0,0,0,0,0,0,0,0,0,0,0,0,2216.150146,1678.360718,1428.981689,1322.606689,1314.297119,1401.00708,40000.0,10893.751953,9281.984375,11165.316406,40000.0,40000.0,40000.0,40000.0,40000.0,40000.0,40000.0,40000.0,40000.0,12368.766602,9382.183594,12878.689453,20825.986328,3624.563721,37.117805,82208.646371,-51186.290004,-14735.497912,0,true,true,1.0,-411.108285,0,0.0,0.0,1.0
10,2814,24.0,11721.743292,-40524.722743,4971.513741,-33150.67019,42962.90172,0.972566,0.43567,-0.221474,23.4562,13.530354,-98.090324,0.0,0.0,0.0,0.0,0.0,0.0,0,0,0,0,0,0,0,0,0,0,0,0,0,0,0,2215.10083,1678.078247,1429.022583,1322.849854,1314.72644,1401.67688,40000.0,10897.037109,9282.453125,11173.014648,40000.0,40000.0,40000.0,40000.0,40000.0,40000.0,40000.0,40000.0,40000.0,12370.336914,9389.657227,12893.464844,20826.095703,3620.461914,37.098282,82188.948694,-51158.924342,-14939.489212,0,true,true,1.0,-411.098285,0,0.0,0.0,1.0
10,2815,24.05,11721.673945,66603.048799,4971.48233,65979.18786,42962.921085,1.071677,0.481793,-0.246381,23.568241,13.598534,-98.059654,0.0,0.0,0.0,0.0,0.0,0.0,0,0,0,0,0,0,0,0,0,0,0,0,0,0,0,2214.068115,1677.800903,1429.064087,1323.090942,1315.151489,1402.3396,40000.0,10900.288086,9282.920898,11213.365234,40000.0,40000.0,40000.0,40000.0,40000.0,40000.0,40000.0,40000.0,40000.0,12371.892578,9397.048828,12908.144531,20826.214844,3616.425781,37.078915,82169.339412,-51131.659102,-15139.830072,0,true,true,1.0,-411.088285,0,0.0,0.0,1.0
10,2816,24.1,11721.616691,-40524.66549,4971.456319,-33150.64418,42962.93718,1.14478,0.515947,-0.2653,23.660721,13.654826,-98.034225,0.0,0.0,0.0,0.0,0.0,0.0,0,0,0,0,0,0,0,0,0,0,0,0,0,0,0,2213.213623,1677.571899,1429.099121,1323.291504,1315.504639,1402.890015,40000.0,10902.989258,9283.3125,11251.128906,40000.0,40000.0,40000.0,40000.0,40000.0,40000.0,40000.0,40000.0,40000.0,12373.1875,9403.188477,12920.341797,20826.322266,3613.088623,37.06282,82152.955941,-51108.871032,-15305.169761,0,true,true,1.0,-411.078285,0,0.0,0.0,1.0
10,2817,24.15,11721.543595,66603.121895,4971.42305,65979.22113,42962.957861,1.082969,0.489151,-0.253503,23.778997,13.726874,-98.001534,0.0,0.0,0.0,0.0,0.0,0.0,0,0,0,0,0,0,0,0,0,0,0,0,0,0,0,2212.118652,1677.278809,1429.145142,1323.550171,1315.959595,1403.598877,40000.0,10906.466797,9283.821289,11300.032227,40000.0,40000.0,40000.0,40000.0,40000.0,40000.0,40000.0,40000.0,40000.0,12374.856445,9411.09082,12936.052734,20826.472656,3608.812744,37.042141,82131.73732,-51079.344667,-15516.647747,0,true,true,1.0,-411.068285,0,0.0,0.0,1.0
10,2818,24.2,11721.474355,-40524.59625,4971.391475,-33150.612605,42962.977623,1.033335,0.467663,-0.244108,23.891146,13.795226,-97.970367,0.0,0.0,0.0,0.0,0.0,0.0,0,0,0,0,0,0,0,0,0,0,0,0,0,0,0,2211.077637,1677.000977,1429.190063,1323.797607,1316.394287,1404.275879,40000.0,10909.788086,9284.311523,11347.03125,40000.0,40000.0,40000.0,40000.0,40000.0,40000.0,40000.0,40000.0,40000.0,12376.453125,9418.637695,12951.12207,20826.625,3604.750244,37.022377,82111.344636,-51050.958733,-15717.156225,0,true,true,1.0,-411.058285,0,0.0,0.0,1.0
10,2819,24.25,11721.417175,66603.179075,4971.365339,65979.247266,42962.994117,1.148505,0.520912,-0.273552,23.983845,13.851731,-97.944481,0.0,0.0,0.0,0.0,0.0,0.0,0,0,0,0,0,0,0,0,0,0,0,0,0,0,0,2210.215332,1676.771118,1429.227905,1324.003662,1316.755859,1404.838989,40000.0,10912.550781,9284.72168,11386.342773,40000.0,40000.0,40000.0,40000.0,40000.0,40000.0,40000.0,40000.0,40000.0,12377.783203,9424.913086,12963.609375,20826.757812,3601.387207,37.005882,82094.28938,-51027.214639,-15882.855041,0,true,true,1.0,-411.048285,0,0.0,0.0,1.0
10,2820,24.3,11721.352242,-40524.531317,4971.335595,-33150.582861,42963.01294,1.155694,0.525146,-0.277211,24.08917,13.915933,-97.914948,0.0,0.0,0.0,0.0,0.0,0.0,0,0,0,0,0,0,0,0,0,0,0,0,0,0,0,2209.233643,1676.509766,1429.271851,1324.239502,1317.169189,1405.482422,40000.0,10915.708008,9285.193359,11431.522461,40000.0,40000.0,40000.0,40000.0,40000.0,40000.0,40000.0,40000.0,40000.0,12379.304688,9432.083984,12977.886719,20826.916016,3597.560547,36.987061,82074.692633,-50999.930319,-16071.072577,0,true,true,1.0,-411.038285,0,0.0,0.0,1.0
10,2821,24.35,11721.270094,66603.261223,4971.297918,65979.284943,42963.036968,1.180106,0.537476,-0.286393,24.222574,13.997304,-97.877327,0.0,0.0,0.0,0.0,0.0,0.0,0,0,0,0,0,0,0,0,0,0,0,0,0,0,0,2207.987305,1676.178711,1429.328979,1324.540894,1317.696899,1406.303711,40000.0,10919.736328,9285.800781,11489.56543,40000.0,40000.0,40000.0,40000.0,40000.0,40000.0,40000.0,40000.0,40000.0,12381.249023,9441.276367,12996.114258,20827.132812,3592.704102,36.963032,82049.532118,-50964.891244,-16309.460729,0,true,true,1.0,-411.028285,0,0.0,0.0,1.0
10,2821,24.35,11721.270094,66603.261223,4971.297918,65979.284943,42963.036968,1.180106,0.537476,-0.286393,24.222574,13.997304,-97.877327,0.0,0.0,0.0,0.0,0.0,0.0,0,0,0,0,0,0,0,0,0,0,0,0,0,0,0,2207.987305,1676.178711,1429.328979,1324.540894,1317.696899,1406.303711,40000.0,10919.736328,9285.800781,11489.56543,40000.0,40000.0,40000.0,40000.0,40000.0,40000.0,40000.0,40000.0,40000.0,12381.249023,9441.276367,12996.114258,20827.132812,3592.704102,36.963032,82049.532118,-50964.891244,-16309.460729,0,true,true,1.0,-481.028285,3,0.0,0.0,1.0
